x,y,on_top,density
   0.00000,    0.00000,   1.88618E+05,   6.17391E+02
   0.00000,    0.05000,   2.63425E+04,   2.29587E+02
   0.00000,    0.10000,   3.75183E+03,   8.66338E+01
   0.00000,    0.15000,   5.75429E+02,   3.39305E+01
   0.00000,    0.20000,   1.04072E+02,   1.44577E+01
   0.00000,    0.25000,   2.59127E+01,   7.26726E+00
   0.00000,    0.30000,   1.00396E+01,   4.57434E+00
   0.00000,    0.35000,   5.77096E+00,   3.49025E+00
   0.00000,    0.40000,   4.14124E+00,   2.95530E+00
   0.00000,    0.45000,   3.21532E+00,   2.59479E+00
   0.00000,    0.50000,   2.52030E+00,   2.28787E+00
   0.00000,    0.55000,   1.94682E+00,   2.00321E+00
   0.00000,    0.60000,   1.47415E+00,   1.73750E+00
   0.00000,    0.65000,   1.09557E+00,   1.49379E+00
   0.00000,    0.70000,   8.01616E-01,   1.27494E+00
   0.00000,    0.75000,   5.79407E-01,   1.08205E+00
   0.00000,    0.80000,   4.14950E-01,   9.14572E-01
   0.00000,    0.85000,   2.95162E-01,   7.70775E-01
   0.00000,    0.90000,   2.08920E-01,   6.48305E-01
   0.00000,    0.95000,   1.47354E-01,   5.44592E-01
   0.00000,    1.00000,   1.03675E-01,   4.57122E-01
   0.00000,    1.05000,   7.28284E-02,   3.83569E-01
   0.00000,    1.10000,   5.11173E-02,   3.21854E-01
   0.00000,    1.15000,   3.58727E-02,   2.70151E-01
   0.00000,    1.20000,   2.51844E-02,   2.26878E-01
   0.00000,    1.25000,   1.76957E-02,   1.90678E-01
   0.00000,    1.30000,   1.24485E-02,   1.60394E-01
   0.00000,    1.35000,   8.76979E-03,   1.35049E-01
   0.00000,    1.40000,   6.18793E-03,   1.13824E-01
   0.00000,    1.45000,   4.37350E-03,   9.60338E-02
   0.00000,    1.50000,   3.09647E-03,   8.11082E-02
   0.00000,    1.55000,   2.19625E-03,   6.85739E-02
   0.00000,    1.60000,   1.56062E-03,   5.80378E-02
   0.00000,    1.65000,   1.11108E-03,   4.91729E-02
   0.00000,    1.70000,   7.92605E-04,   4.17072E-02
   0.00000,    1.75000,   5.66586E-04,   3.54140E-02
   0.00000,    1.80000,   4.05886E-04,   3.01039E-02
   0.00000,    1.85000,   2.91406E-04,   2.56188E-02
   0.00000,    1.90000,   2.09683E-04,   2.18264E-02
   0.00000,    1.95000,   1.51219E-04,   1.86159E-02
   0.00000,    2.00000,   1.09300E-04,   1.58948E-02
   0.05000,    0.00000,   2.63425E+04,   2.29587E+02
   0.05000,    0.05000,   1.16826E+04,   1.52887E+02
   0.05000,    0.10000,   2.38874E+03,   6.91252E+01
   0.05000,    0.15000,   4.29665E+02,   2.93225E+01
   0.05000,    0.20000,   8.59080E+01,   1.31423E+01
   0.05000,    0.25000,   2.31154E+01,   6.87044E+00
   0.05000,    0.30000,   9.46906E+00,   4.44544E+00
   0.05000,    0.35000,   5.60876E+00,   3.44091E+00
   0.05000,    0.40000,   4.07227E+00,   2.92978E+00
   0.05000,    0.45000,   3.17306E+00,   2.57691E+00
   0.05000,    0.50000,   2.48938E+00,   2.27323E+00
   0.05000,    0.55000,   1.92336E+00,   1.99074E+00
   0.05000,    0.60000,   1.45664E+00,   1.72690E+00
   0.05000,    0.65000,   1.08281E+00,   1.48491E+00
   0.05000,    0.70000,   7.92548E-01,   1.26761E+00
   0.05000,    0.75000,   5.73081E-01,   1.07607E+00
   0.05000,    0.80000,   4.10599E-01,   9.09736E-01
   0.05000,    0.85000,   2.92197E-01,   7.66884E-01
   0.05000,    0.90000,   2.06914E-01,   6.45185E-01
   0.05000,    0.95000,   1.46002E-01,   5.42095E-01
   0.05000,    1.00000,   1.02766E-01,   4.55124E-01
   0.05000,    1.05000,   7.22182E-02,   3.81971E-01
   0.05000,    1.10000,   5.07079E-02,   3.20575E-01
   0.05000,    1.15000,   3.55980E-02,   2.69126E-01
   0.05000,    1.20000,   2.49999E-02,   2.26056E-01
   0.05000,    1.25000,   1.75716E-02,   1.90018E-01
   0.05000,    1.30000,   1.23650E-02,   1.59863E-01
   0.05000,    1.35000,   8.71336E-03,   1.34621E-01
   0.05000,    1.40000,   6.14972E-03,   1.13478E-01
   0.05000,    1.45000,   4.34756E-03,   9.57537E-02
   0.05000,    1.50000,   3.07881E-03,   8.08810E-02
   0.05000,    1.55000,   2.18419E-03,   6.83892E-02
   0.05000,    1.60000,   1.55237E-03,   5.78872E-02
   0.05000,    1.65000,   1.10542E-03,   4.90500E-02
   0.05000,    1.70000,   7.88709E-04,   4.16067E-02
   0.05000,    1.75000,   5.63898E-04,   3.53316E-02
   0.05000,    1.80000,   4.04027E-04,   3.00363E-02
   0.05000,    1.85000,   2.90116E-04,   2.55632E-02
   0.05000,    1.90000,   2.08786E-04,   2.17806E-02
   0.05000,    1.95000,   1.50593E-04,   1.85781E-02
   0.05000,    2.00000,   1.08862E-04,   1.58636E-02
   0.10000,    0.00000,   3.75184E+03,   8.66338E+01
   0.10000,    0.05000,   2.38874E+03,   6.91252E+01
   0.10000,    0.10000,   7.87238E+02,   3.96837E+01
   0.10000,    0.15000,   1.98570E+02,   1.99454E+01
   0.10000,    0.20000,   5.13648E+01,   1.01818E+01
   0.10000,    0.25000,   1.70490E+01,   5.91783E+00
   0.10000,    0.30000,   8.10214E+00,   4.11911E+00
   0.10000,    0.35000,   5.18683E+00,   3.30863E+00
   0.10000,    0.40000,   3.88027E+00,   2.85751E+00
   0.10000,    0.45000,   3.05102E+00,   2.52468E+00
   0.10000,    0.50000,   2.39908E+00,   2.23003E+00
   0.10000,    0.55000,   1.85474E+00,   1.95383E+00
   0.10000,    0.60000,   1.40538E+00,   1.69555E+00
   0.10000,    0.65000,   1.04550E+00,   1.45866E+00
   0.10000,    0.70000,   7.66014E-01,   1.24594E+00
   0.10000,    0.75000,   5.54562E-01,   1.05839E+00
   0.10000,    0.80000,   3.97850E-01,   8.95420E-01
   0.10000,    0.85000,   2.83505E-01,   7.55362E-01
   0.10000,    0.90000,   2.01025E-01,   6.35940E-01
   0.10000,    0.95000,   1.42029E-01,   5.34689E-01
   0.10000,    1.00000,   1.00093E-01,   4.49197E-01
   0.10000,    1.05000,   7.04218E-02,   3.77227E-01
   0.10000,    1.10000,   4.95018E-02,   3.16776E-01
   0.10000,    1.15000,   3.47881E-02,   2.66082E-01
   0.10000,    1.20000,   2.44556E-02,   2.23614E-01
   0.10000,    1.25000,   1.72054E-02,   1.88056E-01
   0.10000,    1.30000,   1.21180E-02,   1.58283E-01
   0.10000,    1.35000,   8.54647E-03,   1.33347E-01
   0.10000,    1.40000,   6.03666E-03,   1.12449E-01
   0.10000,    1.45000,   4.27075E-03,   9.49197E-02
   0.10000,    1.50000,   3.02650E-03,   8.02039E-02
   0.10000,    1.55000,   2.14847E-03,   6.78385E-02
   0.10000,    1.60000,   1.52791E-03,   5.74384E-02
   0.10000,    1.65000,   1.08862E-03,   4.86835E-02
   0.10000,    1.70000,   7.77148E-04,   4.13069E-02
   0.10000,    1.75000,   5.55918E-04,   3.50860E-02
   0.10000,    1.80000,   3.98504E-04,   2.98346E-02
   0.10000,    1.85000,   2.86283E-04,   2.53974E-02
   0.10000,    1.90000,   2.06119E-04,   2.16439E-02
   0.10000,    1.95000,   1.48732E-04,   1.84653E-02
   0.10000,    2.00000,   1.07559E-04,   1.57702E-02
   0.15000,    0.00000,   5.75430E+02,   3.39305E+01
   0.15000,    0.05000,   4.29666E+02,   2.93225E+01
   0.15000,    0.10000,   1.98570E+02,   1.99454E+01
   0.15000,    0.15000,   7.16852E+01,   1.20106E+01
   0.15000,    0.20000,   2.59398E+01,   7.26726E+00
   0.15000,    0.25000,   1.14405E+01,   4.87005E+00
   0.15000,    0.30000,   6.58897E+00,   3.72158E+00
   0.15000,    0.35000,   4.64143E+00,   3.12810E+00
   0.15000,    0.40000,   3.59972E+00,   2.74849E+00
   0.15000,    0.45000,   2.86147E+00,   2.44171E+00
   0.15000,    0.50000,   2.25630E+00,   2.16028E+00
   0.15000,    0.55000,   1.74594E+00,   1.89405E+00
   0.15000,    0.60000,   1.32414E+00,   1.64475E+00
   0.15000,    0.65000,   9.86367E-01,   1.41613E+00
   0.15000,    0.70000,   7.23941E-01,   1.21082E+00
   0.15000,    0.75000,   5.25163E-01,   1.02971E+00
   0.15000,    0.80000,   3.77580E-01,   8.72191E-01
   0.15000,    0.85000,   2.69659E-01,   7.36643E-01
   0.15000,    0.90000,   1.91627E-01,   6.20904E-01
   0.15000,    0.95000,   1.35676E-01,   5.22632E-01
   0.15000,    1.00000,   9.58096E-02,   4.39534E-01
   0.15000,    1.05000,   6.75389E-02,   3.69484E-01
   0.15000,    1.10000,   4.75628E-02,   3.10570E-01
   0.15000,    1.15000,   3.34839E-02,   2.61104E-01
   0.15000,    1.20000,   2.35779E-02,   2.19617E-01
   0.15000,    1.25000,   1.66138E-02,   1.84841E-01
   0.15000,    1.30000,   1.17186E-02,   1.55694E-01
   0.15000,    1.35000,   8.27622E-03,   1.31257E-01
   0.15000,    1.40000,   5.85334E-03,   1.10758E-01
   0.15000,    1.45000,   4.14609E-03,   9.35495E-02
   0.15000,    1.50000,   2.94149E-03,   7.90910E-02
   0.15000,    1.55000,   2.09036E-03,   6.69327E-02
   0.15000,    1.60000,   1.48808E-03,   5.66998E-02
   0.15000,    1.65000,   1.06125E-03,   4.80801E-02
   0.15000,    1.70000,   7.58293E-04,   4.08131E-02
   0.15000,    1.75000,   5.42895E-04,   3.46811E-02
   0.15000,    1.80000,   3.89485E-04,   2.95021E-02
   0.15000,    1.85000,   2.80020E-04,   2.51238E-02
   0.15000,    1.90000,   2.01757E-04,   2.14184E-02
   0.15000,    1.95000,   1.45685E-04,   1.82791E-02
   0.15000,    2.00000,   1.05425E-04,   1.56162E-02
   0.20000,    0.00000,   1.04072E+02,   1.44577E+01
   0.20000,    0.05000,   8.59085E+01,   1.31423E+01
   0.20000,    0.10000,   5.13650E+01,   1.01818E+01
   0.20000,    0.15000,   2.59398E+01,   7.26726E+00
   0.20000,    0.20000,   1.32360E+01,   5.22741E+00
   0.20000,    0.25000,   7.74908E+00,   4.02704E+00
   0.20000,    0.30000,   5.32988E+00,   3.35035E+00
   0.20000,    0.35000,   4.08200E+00,   2.92978E+00
   0.20000,    0.40000,   3.26541E+00,   2.61293E+00
   0.20000,    0.45000,   2.62019E+00,   2.33255E+00
   0.20000,    0.50000,   2.07131E+00,   2.06698E+00
   0.20000,    0.55000,   1.60464E+00,   1.81384E+00
   0.20000,    0.60000,   1.21867E+00,   1.57659E+00
   0.20000,    0.65000,   9.09599E-01,   1.35907E+00
   0.20000,    0.70000,   6.69268E-01,   1.16368E+00
   0.20000,    0.75000,   4.86890E-01,   9.91183E-01
   0.20000,    0.80000,   3.51127E-01,   8.40941E-01
   0.20000,    0.85000,   2.51540E-01,   7.11421E-01
   0.20000,    0.90000,   1.79292E-01,   6.00608E-01
   0.20000,    0.95000,   1.27314E-01,   5.06327E-01
   0.20000,    1.00000,   9.01568E-02,   4.26447E-01
   0.20000,    1.05000,   6.37240E-02,   3.58981E-01
   0.20000,    1.10000,   4.49905E-02,   3.02139E-01
   0.20000,    1.15000,   3.17497E-02,   2.54332E-01
   0.20000,    1.20000,   2.24080E-02,   2.14172E-01
   0.20000,    1.25000,   1.58237E-02,   1.80457E-01
   0.20000,    1.30000,   1.11841E-02,   1.52157E-01
   0.20000,    1.35000,   7.91380E-03,   1.28399E-01
   0.20000,    1.40000,   5.60706E-03,   1.08444E-01
   0.20000,    1.45000,   3.97831E-03,   9.16721E-02
   0.20000,    1.50000,   2.82691E-03,   7.75648E-02
   0.20000,    1.55000,   2.01191E-03,   6.56895E-02
   0.20000,    1.60000,   1.43424E-03,   5.56853E-02
   0.20000,    1.65000,   1.02421E-03,   4.72507E-02
   0.20000,    1.70000,   7.32740E-04,   4.01338E-02
   0.20000,    1.75000,   5.25224E-04,   3.41238E-02
   0.20000,    1.80000,   3.77234E-04,   2.90442E-02
   0.20000,    1.85000,   2.71503E-04,   2.47468E-02
   0.20000,    1.90000,   1.95820E-04,   2.11075E-02
   0.20000,    1.95000,   1.41535E-04,   1.80221E-02
   0.20000,    2.00000,   1.02516E-04,   1.54035E-02
   0.25000,    0.00000,   2.59129E+01,   7.26726E+00
   0.25000,    0.05000,   2.31156E+01,   6.87044E+00
   0.25000,    0.10000,   1.70491E+01,   5.91783E+00
   0.25000,    0.15000,   1.14405E+01,   4.87005E+00
   0.25000,    0.20000,   7.74906E+00,   4.02704E+00
   0.25000,    0.25000,   5.62696E+00,   3.44091E+00
   0.25000,    0.30000,   4.38464E+00,   3.03701E+00
   0.25000,    0.35000,   3.55329E+00,   2.72806E+00
   0.25000,    0.40000,   2.90203E+00,   2.45793E+00
   0.25000,    0.45000,   2.34356E+00,   2.20180E+00
   0.25000,    0.50000,   1.85646E+00,   1.95383E+00
   0.25000,    0.55000,   1.44032E+00,   1.71637E+00
   0.25000,    0.60000,   1.09609E+00,   1.49379E+00
   0.25000,    0.65000,   8.20337E-01,   1.28975E+00
   0.25000,    0.70000,   6.05594E-01,   1.10638E+00
   0.25000,    0.75000,   4.42198E-01,   9.44285E-01
   0.25000,    0.80000,   3.20134E-01,   8.02825E-01
   0.25000,    0.85000,   2.30232E-01,   6.80589E-01
   0.25000,    0.90000,   1.64731E-01,   5.75741E-01
   0.25000,    0.95000,   1.17406E-01,   4.86305E-01
   0.25000,    1.00000,   8.34343E-02,   4.10340E-01
   0.25000,    1.05000,   5.91715E-02,   3.46028E-01
   0.25000,    1.10000,   4.19107E-02,   2.91721E-01
   0.25000,    1.15000,   2.96668E-02,   2.45948E-01
   0.25000,    1.20000,   2.09987E-02,   2.07418E-01
   0.25000,    1.25000,   1.48691E-02,   1.75010E-01
   0.25000,    1.30000,   1.05365E-02,   1.47757E-01
   0.25000,    1.35000,   7.47367E-03,   1.24838E-01
   0.25000,    1.40000,   5.30725E-03,   1.05557E-01
   0.25000,    1.45000,   3.77362E-03,   8.93264E-02
   0.25000,    1.50000,   2.68683E-03,   7.56555E-02
   0.25000,    1.55000,   1.91581E-03,   6.41325E-02
   0.25000,    1.60000,   1.36816E-03,   5.44134E-02
   0.25000,    1.65000,   9.78665E-04,   4.62099E-02
   0.25000,    1.70000,   7.01274E-04,   3.92806E-02
   0.25000,    1.75000,   5.03432E-04,   3.34233E-02
   0.25000,    1.80000,   3.62103E-04,   2.84680E-02
   0.25000,    1.85000,   2.60970E-04,   2.42720E-02
   0.25000,    1.90000,   1.88468E-04,   2.07156E-02
   0.25000,    1.95000,   1.36389E-04,   1.76981E-02
   0.25000,    2.00000,   9.89034E-05,   1.51351E-02
   0.30000,    0.00000,   1.00396E+01,   4.57434E+00
   0.30000,    0.05000,   9.46903E+00,   4.44544E+00
   0.30000,    0.10000,   8.10210E+00,   4.11911E+00
   0.30000,    0.15000,   6.58893E+00,   3.72158E+00
   0.30000,    0.20000,   5.32984E+00,   3.35035E+00
   0.30000,    0.25000,   4.38462E+00,   3.03701E+00
   0.30000,    0.30000,   3.65987E+00,   2.76933E+00
   0.30000,    0.35000,   3.05815E+00,   2.52468E+00
   0.30000,    0.40000,   2.52602E+00,   2.28787E+00
   0.30000,    0.45000,   2.04765E+00,   2.05404E+00
   0.30000,    0.50000,   1.62503E+00,   1.82505E+00
   0.30000,    0.55000,   1.26331E+00,   1.60539E+00
   0.30000,    0.60000,   9.64045E-01,   1.39953E+00
   0.30000,    0.65000,   7.24083E-01,   1.21082E+00
   0.30000,    0.70000,   5.36761E-01,   1.04106E+00
   0.30000,    0.75000,   3.93711E-01,   8.90712E-01
   0.30000,    0.80000,   2.86366E-01,   7.59178E-01
   0.30000,    0.85000,   2.06908E-01,   6.45185E-01
   0.30000,    0.90000,   1.48718E-01,   5.47105E-01
   0.30000,    0.95000,   1.06460E-01,   4.63184E-01
   0.30000,    1.00000,   7.59742E-02,   3.91690E-01
   0.30000,    1.05000,   5.40980E-02,   3.30992E-01
   0.30000,    1.10000,   3.84646E-02,   2.79598E-01
   0.30000,    1.15000,   2.73271E-02,   2.36170E-01
   0.30000,    1.20000,   1.94098E-02,   1.99525E-01
   0.30000,    1.25000,   1.37892E-02,   1.68630E-01
   0.30000,    1.30000,   9.80145E-03,   1.42593E-01
   0.30000,    1.35000,   6.97248E-03,   1.20652E-01
   0.30000,    1.40000,   4.96485E-03,   1.02156E-01
   0.30000,    1.45000,   3.53920E-03,   8.65594E-02
   0.30000,    1.50000,   2.52599E-03,   7.33999E-02
   0.30000,    1.55000,   1.80521E-03,   6.22907E-02
   0.30000,    1.60000,   1.29194E-03,   5.29068E-02
   0.30000,    1.65000,   9.26019E-04,   4.49755E-02
   0.30000,    1.70000,   6.64828E-04,   3.82676E-02
   0.30000,    1.75000,   4.78142E-04,   3.25906E-02
   0.30000,    1.80000,   3.44511E-04,   2.77824E-02
   0.30000,    1.85000,   2.48703E-04,   2.37066E-02
   0.30000,    1.90000,   1.79891E-04,   2.02486E-02
   0.30000,    1.95000,   1.30376E-04,   1.73116E-02
   0.30000,    2.00000,   9.46770E-05,   1.48147E-02
   0.35000,    0.00000,   5.77086E+00,   3.49025E+00
   0.35000,    0.05000,   5.60867E+00,   3.44091E+00
   0.35000,    0.10000,   5.18674E+00,   3.30863E+00
   0.35000,    0.15000,   4.64136E+00,   3.12810E+00
   0.35000,    0.20000,   4.08195E+00,   2.92978E+00
   0.35000,    0.25000,   3.55326E+00,   2.72806E+00
   0.35000,    0.30000,   3.05813E+00,   2.52468E+00
   0.35000,    0.35000,   2.59048E+00,   2.31752E+00
   0.35000,    0.40000,   2.15114E+00,   2.10637E+00
   0.35000,    0.45000,   1.74793E+00,   1.89405E+00
   0.35000,    0.50000,   1.39006E+00,   1.68524E+00
   0.35000,    0.55000,   1.08361E+00,   1.48491E+00
   0.35000,    0.60000,   8.29927E-01,   1.29724E+00
   0.35000,    0.65000,   6.26112E-01,   1.12509E+00
   0.35000,    0.70000,   4.66454E-01,   9.69984E-01
   0.35000,    0.75000,   3.43960E-01,   8.32275E-01
   0.35000,    0.80000,   2.51535E-01,   7.11421E-01
   0.35000,    0.85000,   1.82718E-01,   6.06319E-01
   0.35000,    0.90000,   1.32018E-01,   5.15563E-01
   0.35000,    0.95000,   9.49814E-02,   4.37633E-01
   0.35000,    1.00000,   6.81110E-02,   3.71016E-01
   0.35000,    1.05000,   4.87237E-02,   3.14275E-01
   0.35000,    1.10000,   3.47968E-02,   2.66082E-01
   0.35000,    1.15000,   2.48257E-02,   2.25239E-01
   0.35000,    1.20000,   1.77037E-02,   1.90678E-01
   0.35000,    1.25000,   1.26248E-02,   1.61462E-01
   0.35000,    1.30000,   9.00583E-03,   1.36779E-01
   0.35000,    1.35000,   6.42801E-03,   1.15927E-01
   0.35000,    1.40000,   4.59159E-03,   9.83110E-02
   0.35000,    1.45000,   3.28282E-03,   8.34246E-02
   0.35000,    1.50000,   2.34954E-03,   7.08400E-02
   0.35000,    1.55000,   1.68354E-03,   6.01969E-02
   0.35000,    1.60000,   1.20786E-03,   5.11915E-02
   0.35000,    1.65000,   8.67801E-04,   4.35681E-02
   0.35000,    1.70000,   6.24430E-04,   3.71112E-02
   0.35000,    1.75000,   4.50047E-04,   3.16389E-02
   0.35000,    1.80000,   3.24927E-04,   2.69979E-02
   0.35000,    1.85000,   2.35018E-04,   2.30589E-02
   0.35000,    1.90000,   1.70304E-04,   1.97128E-02
   0.35000,    1.95000,   1.23643E-04,   1.68678E-02
   0.35000,    2.00000,   8.99357E-05,   1.44464E-02
   0.40000,    0.00000,   4.14113E+00,   2.95530E+00
   0.40000,    0.05000,   4.07216E+00,   2.92978E+00
   0.40000,    0.10000,   3.88017E+00,   2.85751E+00
   0.40000,    0.15000,   3.59964E+00,   2.74849E+00
   0.40000,    0.20000,   3.26535E+00,   2.61293E+00
   0.40000,    0.25000,   2.90199E+00,   2.45793E+00
   0.40000,    0.30000,   2.52600E+00,   2.28787E+00
   0.40000,    0.35000,   2.15113E+00,   2.10637E+00
   0.40000,    0.40000,   1.79108E+00,   1.91771E+00
   0.40000,    0.45000,   1.45853E+00,   1.72690E+00
   0.40000,    0.50000,   1.16308E+00,   1.53914E+00
   0.40000,    0.55000,   9.09979E-01,   1.35907E+00
   0.40000,    0.60000,   7.00125E-01,   1.19033E+00
   0.40000,    0.65000,   5.30983E-01,   1.03536E+00
   0.40000,    0.70000,   3.97871E-01,   8.95420E-01
   0.40000,    0.75000,   2.95156E-01,   7.70775E-01
   0.40000,    0.80000,   2.17157E-01,   6.60979E-01
   0.40000,    0.85000,   1.58691E-01,   5.65111E-01
   0.40000,    0.90000,   1.15326E-01,   4.81994E-01
   0.40000,    0.95000,   8.34385E-02,   4.10340E-01
   0.40000,    1.00000,   6.01570E-02,   3.48855E-01
   0.40000,    1.05000,   4.32569E-02,   2.96294E-01
   0.40000,    1.10000,   3.10458E-02,   2.51498E-01
   0.40000,    1.15000,   2.22542E-02,   2.13408E-01
   0.40000,    1.20000,   1.59412E-02,   1.81075E-01
   0.40000,    1.25000,   1.14162E-02,   1.53661E-01
   0.40000,    1.30000,   8.17635E-03,   1.30433E-01
   0.40000,    1.35000,   5.85798E-03,   1.10758E-01
   0.40000,    1.40000,   4.19927E-03,   9.40946E-02
   0.40000,    1.45000,   3.01236E-03,   7.99798E-02
   0.40000,    1.50000,   2.16276E-03,   6.80214E-02
   0.40000,    1.55000,   1.55432E-03,   5.78872E-02
   0.40000,    1.60000,   1.11830E-03,   4.92961E-02
   0.40000,    1.65000,   8.05604E-04,   4.20105E-02
   0.40000,    1.70000,   5.81153E-04,   3.58293E-02
   0.40000,    1.75000,   4.19871E-04,   3.05823E-02
   0.40000,    1.80000,   3.03840E-04,   2.61257E-02
   0.40000,    1.85000,   2.20248E-04,   2.23379E-02
   0.40000,    1.90000,   1.59935E-04,   1.91158E-02
   0.40000,    1.95000,   1.16345E-04,   1.63726E-02
   0.40000,    2.00000,   8.47860E-05,   1.40350E-02
   0.45000,    0.00000,   3.21523E+00,   2.59479E+00
   0.45000,    0.05000,   3.17297E+00,   2.57691E+00
   0.45000,    0.10000,   3.05094E+00,   2.52468E+00
   0.45000,    0.15000,   2.86140E+00,   2.44171E+00
   0.45000,    0.20000,   2.62014E+00,   2.33255E+00
   0.45000,    0.25000,   2.34352E+00,   2.20180E+00
   0.45000,    0.30000,   2.04763E+00,   2.05404E+00
   0.45000,    0.35000,   1.74792E+00,   1.89405E+00
   0.45000,    0.40000,   1.45852E+00,   1.72690E+00
   0.45000,    0.45000,   1.19096E+00,   1.55773E+00
   0.45000,    0.50000,   9.53173E-01,   1.39132E+00
   0.45000,    0.55000,   7.49192E-01,   1.23174E+00
   0.45000,    0.60000,   5.79565E-01,   1.08205E+00
   0.45000,    0.65000,   4.42227E-01,   9.44285E-01
   0.45000,    0.70000,   3.33512E-01,   8.19488E-01
   0.45000,    0.75000,   2.49057E-01,   7.07908E-01
   0.45000,    0.80000,   1.84458E-01,   6.09201E-01
   0.45000,    0.85000,   1.35674E-01,   5.22632E-01
   0.45000,    0.90000,   9.92243E-02,   4.47243E-01
   0.45000,    0.95000,   7.22290E-02,   3.81971E-01
   0.45000,    1.00000,   5.23826E-02,   3.25730E-01
   0.45000,    1.05000,   3.78801E-02,   2.77463E-01
   0.45000,    1.10000,   2.73345E-02,   2.36170E-01
   0.45000,    1.15000,   1.96955E-02,   2.00931E-01
   0.45000,    1.20000,   1.41778E-02,   1.70915E-01
   0.45000,    1.25000,   1.02007E-02,   1.45381E-01
   0.45000,    1.30000,   7.33801E-03,   1.23679E-01
   0.45000,    1.35000,   5.27918E-03,   1.05242E-01
   0.45000,    1.40000,   3.79916E-03,   8.95833E-02
   0.45000,    1.45000,   2.73539E-03,   7.62854E-02
   0.45000,    1.50000,   1.97075E-03,   6.49919E-02
   0.45000,    1.55000,   1.42099E-03,   5.53995E-02
   0.45000,    1.60000,   1.02557E-03,   4.72507E-02
   0.45000,    1.65000,   7.41007E-04,   4.03265E-02
   0.45000,    1.70000,   5.36067E-04,   3.44409E-02
   0.45000,    1.75000,   3.88343E-04,   2.94362E-02
   0.45000,    1.80000,   2.81747E-04,   2.51782E-02
   0.45000,    1.85000,   2.04734E-04,   2.15534E-02
   0.45000,    1.90000,   1.49014E-04,   1.84653E-02
   0.45000,    1.95000,   1.08640E-04,   1.58324E-02
   0.45000,    2.00000,   7.93371E-05,   1.35856E-02
   0.50000,    0.00000,   2.52023E+00,   2.28787E+00
   0.50000,    0.05000,   2.48931E+00,   2.27323E+00
   0.50000,    0.10000,   2.39902E+00,   2.23003E+00
   0.50000,    0.15000,   2.25625E+00,   2.16028E+00
   0.50000,    0.20000,   2.07127E+00,   2.06698E+00
   0.50000,    0.25000,   1.85643E+00,   1.95383E+00
   0.50000,    0.30000,   1.62502E+00,   1.82505E+00
   0.50000,    0.35000,   1.39005E+00,   1.68524E+00
   0.50000,    0.40000,   1.16307E+00,   1.53914E+00
   0.50000,    0.45000,   9.53172E-01,   1.39132E+00
   0.50000,    0.50000,   7.66389E-01,   1.24594E+00
   0.50000,    0.55000,   6.05711E-01,   1.10639E+00
   0.50000,    0.60000,   4.71504E-01,   9.75230E-01
   0.50000,    0.65000,   3.62210E-01,   8.54157E-01
   0.50000,    0.70000,   2.75094E-01,   7.44059E-01
   0.50000,    0.75000,   2.06902E-01,   6.45185E-01
   0.50000,    0.80000,   1.54325E-01,   5.57303E-01
   0.50000,    0.85000,   1.14302E-01,   4.79856E-01
   0.50000,    0.90000,   8.41597E-02,   4.12091E-01
   0.50000,    0.95000,   6.16648E-02,   3.53150E-01
   0.50000,    1.00000,   4.50043E-02,   3.02139E-01
   0.50000,    1.05000,   3.27429E-02,   2.58174E-01
   0.50000,    1.10000,   2.37655E-02,   2.20409E-01
   0.50000,    1.15000,   1.72195E-02,   1.88056E-01
   0.50000,    1.20000,   1.24613E-02,   1.60394E-01
   0.50000,    1.25000,   9.01084E-03,   1.36779E-01
   0.50000,    1.30000,   6.51288E-03,   1.16639E-01
   0.50000,    1.35000,   4.70660E-03,   9.94748E-02
   0.50000,    1.40000,   3.40146E-03,   8.48537E-02
   0.50000,    1.45000,   2.45885E-03,   7.24020E-02
   0.50000,    1.50000,   1.77823E-03,   6.17996E-02
   0.50000,    1.55000,   1.28678E-03,   5.27724E-02
   0.50000,    1.60000,   9.31884E-04,   4.50860E-02
   0.50000,    1.65000,   6.75503E-04,   3.85407E-02
   0.50000,    1.70000,   4.90195E-04,   3.29659E-02
   0.50000,    1.75000,   3.56162E-04,   2.82163E-02
   0.50000,    1.80000,   2.59128E-04,   2.41680E-02
   0.50000,    1.85000,   1.88802E-04,   2.07156E-02
   0.50000,    1.90000,   1.37770E-04,   1.77695E-02
   0.50000,    1.95000,   1.00686E-04,   1.52537E-02
   0.50000,    2.00000,   7.36972E-05,   1.31035E-02
   0.55000,    0.00000,   1.94677E+00,   2.00321E+00
   0.55000,    0.05000,   1.92332E+00,   1.99074E+00
   0.55000,    0.10000,   1.85470E+00,   1.95383E+00
   0.55000,    0.15000,   1.74591E+00,   1.89405E+00
   0.55000,    0.20000,   1.60461E+00,   1.81384E+00
   0.55000,    0.25000,   1.44031E+00,   1.71637E+00
   0.55000,    0.30000,   1.26330E+00,   1.60539E+00
   0.55000,    0.35000,   1.08360E+00,   1.48491E+00
   0.55000,    0.40000,   9.09976E-01,   1.35907E+00
   0.55000,    0.45000,   7.49191E-01,   1.23174E+00
   0.55000,    0.50000,   6.05711E-01,   1.10639E+00
   0.55000,    0.55000,   4.81744E-01,   9.85829E-01
   0.55000,    0.60000,   3.77597E-01,   8.72191E-01
   0.55000,    0.65000,   2.92189E-01,   7.66884E-01
   0.55000,    0.70000,   2.23579E-01,   6.70692E-01
   0.55000,    0.75000,   1.69424E-01,   5.83881E-01
   0.55000,    0.80000,   1.27314E-01,   5.06327E-01
   0.55000,    0.85000,   9.49857E-02,   4.37633E-01
   0.55000,    0.90000,   7.04362E-02,   3.77227E-01
   0.55000,    0.95000,   5.19665E-02,   3.24432E-01
   0.55000,    1.00000,   3.81802E-02,   2.78528E-01
   0.55000,    1.05000,   2.79572E-02,   2.38787E-01
   0.55000,    1.10000,   2.04177E-02,   2.04503E-01
   0.55000,    1.15000,   1.48814E-02,   1.75010E-01
   0.55000,    1.20000,   1.08300E-02,   1.49693E-01
   0.55000,    1.25000,   7.87311E-03,   1.27998E-01
   0.55000,    1.30000,   5.71937E-03,   1.09428E-01
   0.55000,    1.35000,   4.15295E-03,   9.35495E-02
   0.55000,    1.40000,   3.01492E-03,   7.99798E-02
   0.55000,    1.45000,   2.18878E-03,   6.83892E-02
   0.55000,    1.50000,   1.58935E-03,   5.84923E-02
   0.55000,    1.55000,   1.15455E-03,   5.00438E-02
   0.55000,    1.60000,   8.39199E-04,   4.28326E-02
   0.55000,    1.65000,   6.10453E-04,   3.66778E-02
   0.55000,    1.70000,   4.44474E-04,   3.14240E-02
   0.55000,    1.75000,   3.23975E-04,   2.69386E-02
   0.55000,    1.80000,   2.36429E-04,   2.31079E-02
   0.55000,    1.85000,   1.72764E-04,   1.98349E-02
   0.55000,    1.90000,   1.26415E-04,   1.70369E-02
   0.55000,    1.95000,   9.26298E-05,   1.46433E-02
   0.55000,    2.00000,   6.79696E-05,   1.25943E-02
   0.60000,    0.00000,   1.47413E+00,   1.73750E+00
   0.60000,    0.05000,   1.45661E+00,   1.72690E+00
   0.60000,    0.10000,   1.40536E+00,   1.69555E+00
   0.60000,    0.15000,   1.32412E+00,   1.64475E+00
   0.60000,    0.20000,   1.21865E+00,   1.57659E+00
   0.60000,    0.25000,   1.09608E+00,   1.49379E+00
   0.60000,    0.30000,   9.64038E-01,   1.39953E+00
   0.60000,    0.35000,   8.29923E-01,   1.29724E+00
   0.60000,    0.40000,   7.00123E-01,   1.19033E+00
   0.60000,    0.45000,   5.79564E-01,   1.08205E+00
   0.60000,    0.50000,   4.71504E-01,   9.75230E-01
   0.60000,    0.55000,   3.77597E-01,   8.72191E-01
   0.60000,    0.60000,   2.98152E-01,   7.74691E-01
   0.60000,    0.65000,   2.32485E-01,   6.83929E-01
   0.60000,    0.70000,   1.79283E-01,   6.00608E-01
   0.60000,    0.75000,   1.36918E-01,   5.25015E-01
   0.60000,    0.80000,   1.03682E-01,   4.57122E-01
   0.60000,    0.85000,   7.79411E-02,   3.96667E-01
   0.60000,    0.90000,   5.82250E-02,   3.43231E-01
   0.60000,    0.95000,   4.32670E-02,   2.96294E-01
   0.60000,    1.00000,   3.20107E-02,   2.55286E-01
   0.60000,    1.05000,   2.35978E-02,   2.19617E-01
   0.60000,    1.10000,   1.73456E-02,   1.88707E-01
   0.60000,    1.15000,   1.27207E-02,   1.62000E-01
   0.60000,    1.20000,   9.31227E-03,   1.38979E-01
   0.60000,    1.25000,   6.80779E-03,   1.19173E-01
   0.60000,    1.30000,   4.97181E-03,   1.02156E-01
   0.60000,    1.35000,   3.62835E-03,   8.75531E-02
   0.60000,    1.40000,   2.64668E-03,   7.50319E-02
   0.60000,    1.45000,   1.93016E-03,   6.43033E-02
   0.60000,    1.50000,   1.40761E-03,   5.51156E-02
   0.60000,    1.55000,   1.02673E-03,   4.72507E-02
   0.60000,    1.60000,   7.49218E-04,   4.05203E-02
   0.60000,    1.65000,   5.47040E-04,   3.47616E-02
   0.60000,    1.70000,   3.99728E-04,   2.98346E-02
   0.60000,    1.75000,   2.92356E-04,   2.56188E-02
   0.60000,    1.80000,   2.14050E-04,   2.20107E-02
   0.60000,    1.85000,   1.56897E-04,   1.89217E-02
   0.60000,    1.90000,   1.15145E-04,   1.62757E-02
   0.60000,    1.95000,   8.46092E-05,   1.40081E-02
   0.60000,    2.00000,   6.22500E-05,   1.20635E-02
   0.65000,    0.00000,   1.09555E+00,   1.49379E+00
   0.65000,    0.05000,   1.08280E+00,   1.48491E+00
   0.65000,    0.10000,   1.04549E+00,   1.45866E+00
   0.65000,    0.15000,   9.86356E-01,   1.41613E+00
   0.65000,    0.20000,   9.09590E-01,   1.35907E+00
   0.65000,    0.25000,   8.20331E-01,   1.28975E+00
   0.65000,    0.30000,   7.24079E-01,   1.21082E+00
   0.65000,    0.35000,   6.26109E-01,   1.12509E+00
   0.65000,    0.40000,   5.30982E-01,   1.03536E+00
   0.65000,    0.45000,   4.42226E-01,   9.44285E-01
   0.65000,    0.50000,   3.62209E-01,   8.54157E-01
   0.65000,    0.55000,   2.92189E-01,   7.66884E-01
   0.65000,    0.60000,   2.32485E-01,   6.83929E-01
   0.65000,    0.65000,   1.82712E-01,   6.06319E-01
   0.65000,    0.70000,   1.42025E-01,   5.34689E-01
   0.65000,    0.75000,   1.09330E-01,   4.69348E-01
   0.65000,    0.80000,   8.34449E-02,   4.10340E-01
   0.65000,    0.85000,   6.32160E-02,   3.57512E-01
   0.65000,    0.90000,   4.75845E-02,   3.10570E-01
   0.65000,    0.95000,   3.56227E-02,   2.69126E-01
   0.65000,    1.00000,   2.65452E-02,   2.32736E-01
   0.65000,    1.05000,   1.97052E-02,   2.00931E-01
   0.65000,    1.10000,   1.45815E-02,   1.73240E-01
   0.65000,    1.15000,   1.07623E-02,   1.49206E-01
   0.65000,    1.20000,   7.92691E-03,   1.28399E-01
   0.65000,    1.25000,   5.82883E-03,   1.10424E-01
   0.65000,    1.30000,   4.28046E-03,   9.49197E-02
   0.65000,    1.35000,   3.14025E-03,   8.15651E-02
   0.65000,    1.40000,   2.30209E-03,   7.00746E-02
   0.65000,    1.45000,   1.68685E-03,   6.01969E-02
   0.65000,    1.50000,   1.23575E-03,   5.17119E-02
   0.65000,    1.55000,   9.05280E-04,   4.44277E-02
   0.65000,    1.60000,   6.63328E-04,   3.81771E-02
   0.65000,    1.65000,   4.86245E-04,   3.28152E-02
   0.65000,    1.70000,   3.56650E-04,   2.82163E-02
   0.65000,    1.75000,   2.61793E-04,   2.42720E-02
   0.65000,    1.80000,   1.92336E-04,   2.08887E-02
   0.65000,    1.85000,   1.41446E-04,   1.79858E-02
   0.65000,    1.90000,   1.04131E-04,   1.54942E-02
   0.65000,    1.95000,   7.67449E-05,   1.33547E-02
   0.65000,    2.00000,   5.66241E-05,   1.15164E-02
   0.70000,    0.00000,   8.01608E-01,   1.27494E+00
   0.70000,    0.05000,   7.92540E-01,   1.26761E+00
   0.70000,    0.10000,   7.66007E-01,   1.24594E+00
   0.70000,    0.15000,   7.23935E-01,   1.21082E+00
   0.70000,    0.20000,   6.69263E-01,   1.16368E+00
   0.70000,    0.25000,   6.05591E-01,   1.10639E+00
   0.70000,    0.30000,   5.36759E-01,   1.04106E+00
   0.70000,    0.35000,   4.66453E-01,   9.69984E-01
   0.70000,    0.40000,   3.97870E-01,   8.95421E-01
   0.70000,    0.45000,   3.33512E-01,   8.19488E-01
   0.70000,    0.50000,   2.75094E-01,   7.44059E-01
   0.70000,    0.55000,   2.23579E-01,   6.70692E-01
   0.70000,    0.60000,   1.79283E-01,   6.00608E-01
   0.70000,    0.65000,   1.42025E-01,   5.34689E-01
   0.70000,    0.70000,   1.11289E-01,   4.73516E-01
   0.70000,    0.75000,   8.63604E-02,   4.17401E-01
   0.70000,    0.80000,   6.64413E-02,   3.66444E-01
   0.70000,    0.85000,   5.07321E-02,   3.20575E-01
   0.70000,    0.90000,   3.84838E-02,   2.79598E-01
   0.70000,    0.95000,   2.90282E-02,   2.43231E-01
   0.70000,    1.00000,   2.17907E-02,   2.11136E-01
   0.70000,    1.05000,   1.62912E-02,   1.82946E-01
   0.70000,    1.10000,   1.21380E-02,   1.58283E-01
   0.70000,    1.15000,   9.01787E-03,   1.36779E-01
   0.70000,    1.20000,   6.68390E-03,   1.18078E-01
   0.70000,    1.25000,   4.94433E-03,   1.01854E-01
   0.70000,    1.30000,   3.65168E-03,   8.78038E-02
   0.70000,    1.35000,   2.69355E-03,   7.56555E-02
   0.70000,    1.40000,   1.98487E-03,   6.51654E-02
   0.70000,    1.45000,   1.46160E-03,   5.61174E-02
   0.70000,    1.50000,   1.07580E-03,   4.83204E-02
   0.70000,    1.55000,   7.91672E-04,   4.16067E-02
   0.70000,    1.60000,   5.82597E-04,   3.58293E-02
   0.70000,    1.65000,   4.28838E-04,   3.08598E-02
   0.70000,    1.70000,   3.15794E-04,   2.65866E-02
   0.70000,    1.75000,   2.32685E-04,   2.29125E-02
   0.70000,    1.80000,   1.71571E-04,   1.97534E-02
   0.70000,    1.85000,   1.26613E-04,   1.70369E-02
   0.70000,    1.90000,   9.35194E-05,   1.47002E-02
   0.70000,    1.95000,   6.91404E-05,   1.26895E-02
   0.70000,    2.00000,   5.11657E-05,   1.09585E-02
   0.75000,    0.00000,   5.79403E-01,   1.08205E+00
   0.75000,    0.05000,   5.73078E-01,   1.07607E+00
   0.75000,    0.10000,   5.54559E-01,   1.05839E+00
   0.75000,    0.15000,   5.25160E-01,   1.02971E+00
   0.75000,    0.20000,   4.86888E-01,   9.91183E-01
   0.75000,    0.25000,   4.42196E-01,   9.44285E-01
   0.75000,    0.30000,   3.93711E-01,   8.90712E-01
   0.75000,    0.35000,   3.43959E-01,   8.32275E-01
   0.75000,    0.40000,   2.95156E-01,   7.70775E-01
   0.75000,    0.45000,   2.49057E-01,   7.07908E-01
   0.75000,    0.50000,   2.06902E-01,   6.45185E-01
   0.75000,    0.55000,   1.69424E-01,   5.83881E-01
   0.75000,    0.60000,   1.36918E-01,   5.25015E-01
   0.75000,    0.65000,   1.09330E-01,   4.69348E-01
   0.75000,    0.70000,   8.63604E-02,   4.17401E-01
   0.75000,    0.75000,   6.75573E-02,   3.69484E-01
   0.75000,    0.80000,   5.23934E-02,   3.25731E-01
   0.75000,    0.85000,   4.03242E-02,   2.86130E-01
   0.75000,    0.90000,   3.08285E-02,   2.50562E-01
   0.75000,    0.95000,   2.34322E-02,   2.18829E-01
   0.75000,    1.00000,   1.77214E-02,   1.90678E-01
   0.75000,    1.05000,   1.33448E-02,   1.65827E-01
   0.75000,    1.10000,   1.00122E-02,   1.43979E-01
   0.75000,    1.15000,   7.48834E-03,   1.24838E-01
   0.75000,    1.20000,   5.58586E-03,   1.08119E-01
   0.75000,    1.25000,   4.15741E-03,   9.35495E-02
   0.75000,    1.30000,   3.08847E-03,   8.08810E-02
   0.75000,    1.35000,   2.29085E-03,   6.98848E-02
   0.75000,    1.40000,   1.69714E-03,   6.03548E-02
   0.75000,    1.45000,   1.25611E-03,   5.21065E-02
   0.75000,    1.50000,   9.29079E-04,   4.49755E-02
   0.75000,    1.55000,   6.86909E-04,   3.88162E-02
   0.75000,    1.60000,   5.07778E-04,   3.35003E-02
   0.75000,    1.65000,   3.75380E-04,   2.89149E-02
   0.75000,    1.70000,   2.77572E-04,   2.49614E-02
   0.75000,    1.75000,   2.05333E-04,   2.15534E-02
   0.75000,    1.80000,   1.51977E-04,   1.86159E-02
   0.75000,    1.85000,   1.12559E-04,   1.60839E-02
   0.75000,    1.90000,   8.34256E-05,   1.39010E-02
   0.75000,    1.95000,   6.18804E-05,   1.20186E-02
   0.75000,    2.00000,   4.59362E-05,   1.03947E-02
   0.80000,    0.00000,   4.14949E-01,   9.14572E-01
   0.80000,    0.05000,   4.10598E-01,   9.09736E-01
   0.80000,    0.10000,   3.97849E-01,   8.95421E-01
   0.80000,    0.15000,   3.77579E-01,   8.72191E-01
   0.80000,    0.20000,   3.51127E-01,   8.40941E-01
   0.80000,    0.25000,   3.20134E-01,   8.02825E-01
   0.80000,    0.30000,   2.86366E-01,   7.59178E-01
   0.80000,    0.35000,   2.51535E-01,   7.11421E-01
   0.80000,    0.40000,   2.17157E-01,   6.60979E-01
   0.80000,    0.45000,   1.84458E-01,   6.09201E-01
   0.80000,    0.50000,   1.54325E-01,   5.57303E-01
   0.80000,    0.55000,   1.27314E-01,   5.06327E-01
   0.80000,    0.60000,   1.03682E-01,   4.57122E-01
   0.80000,    0.65000,   8.34450E-02,   4.10340E-01
   0.80000,    0.70000,   6.64414E-02,   3.66444E-01
   0.80000,    0.75000,   5.23934E-02,   3.25731E-01
   0.80000,    0.80000,   4.09596E-02,   2.88350E-01
   0.80000,    0.85000,   3.17754E-02,   2.54332E-01
   0.80000,    0.90000,   2.44837E-02,   2.23614E-01
   0.80000,    0.95000,   1.87530E-02,   1.96062E-01
   0.80000,    1.00000,   1.42891E-02,   1.71493E-01
   0.80000,    1.05000,   1.08386E-02,   1.49693E-01
   0.80000,    1.10000,   8.18903E-03,   1.30433E-01
   0.80000,    1.15000,   6.16622E-03,   1.13478E-01
   0.80000,    1.20000,   4.62950E-03,   9.86004E-02
   0.80000,    1.25000,   3.46705E-03,   8.55796E-02
   0.80000,    1.30000,   2.59095E-03,   7.42104E-02
   0.80000,    1.35000,   1.93278E-03,   6.43033E-02
   0.80000,    1.40000,   1.43969E-03,   5.56853E-02
   0.80000,    1.45000,   1.07116E-03,   4.82001E-02
   0.80000,    1.50000,   7.96270E-04,   4.17072E-02
   0.80000,    1.55000,   5.91567E-04,   3.60813E-02
   0.80000,    1.60000,   4.39332E-04,   3.12110E-02
   0.80000,    1.65000,   3.26231E-04,   2.69979E-02
   0.80000,    1.70000,   2.42263E-04,   2.33552E-02
   0.80000,    1.75000,   1.79949E-04,   2.02067E-02
   0.80000,    1.80000,   1.33713E-04,   1.74860E-02
   0.80000,    1.85000,   9.94037E-05,   1.51351E-02
   0.80000,    1.90000,   7.39387E-05,   1.31035E-02
   0.80000,    1.95000,   5.50306E-05,   1.13477E-02
   0.80000,    2.00000,   4.09838E-05,   9.82974E-03
   0.85000,    0.00000,   2.95161E-01,   7.70775E-01
   0.85000,    0.05000,   2.92197E-01,   7.66884E-01
   0.85000,    0.10000,   2.83505E-01,   7.55362E-01
   0.85000,    0.15000,   2.69659E-01,   7.36643E-01
   0.85000,    0.20000,   2.51540E-01,   7.11421E-01
   0.85000,    0.25000,   2.30232E-01,   6.80589E-01
   0.85000,    0.30000,   2.06909E-01,   6.45185E-01
   0.85000,    0.35000,   1.82718E-01,   6.06319E-01
   0.85000,    0.40000,   1.58691E-01,   5.65111E-01
   0.85000,    0.45000,   1.35675E-01,   5.22632E-01
   0.85000,    0.50000,   1.14302E-01,   4.79856E-01
   0.85000,    0.55000,   9.49858E-02,   4.37633E-01
   0.85000,    0.60000,   7.79412E-02,   3.96667E-01
   0.85000,    0.65000,   6.32161E-02,   3.57512E-01
   0.85000,    0.70000,   5.07322E-02,   3.20575E-01
   0.85000,    0.75000,   4.03243E-02,   2.86130E-01
   0.85000,    0.80000,   3.17755E-02,   2.54332E-01
   0.85000,    0.85000,   2.48459E-02,   2.25239E-01
   0.85000,    0.90000,   1.92940E-02,   1.98826E-01
   0.85000,    0.95000,   1.48916E-02,   1.75010E-01
   0.85000,    1.00000,   1.14318E-02,   1.53661E-01
   0.85000,    1.05000,   8.73440E-03,   1.34621E-01
   0.85000,    1.10000,   6.64570E-03,   1.17716E-01
   0.85000,    1.15000,   5.03808E-03,   1.02764E-01
   0.85000,    1.20000,   3.80721E-03,   8.95833E-02
   0.85000,    1.25000,   2.86911E-03,   7.79971E-02
   0.85000,    1.30000,   2.15703E-03,   6.78385E-02
   0.85000,    1.35000,   1.61840E-03,   5.89513E-02
   0.85000,    1.40000,   1.21223E-03,   5.11915E-02
   0.85000,    1.45000,   9.06751E-04,   4.44277E-02
   0.85000,    1.50000,   6.77526E-04,   3.85407E-02
   0.85000,    1.55000,   5.05847E-04,   3.34233E-02
   0.85000,    1.60000,   3.77465E-04,   2.89795E-02
   0.85000,    1.65000,   2.81578E-04,   2.51238E-02
   0.85000,    1.70000,   2.10025E-04,   2.17806E-02
   0.85000,    1.75000,   1.56663E-04,   1.88831E-02
   0.85000,    1.80000,   1.16881E-04,   1.63726E-02
   0.85000,    1.85000,   8.72266E-05,   1.41979E-02
   0.85000,    1.90000,   6.51207E-05,   1.23139E-02
   0.85000,    1.95000,   4.86381E-05,   1.06819E-02
   0.85000,    2.00000,   3.63445E-05,   9.26792E-03
   0.90000,    0.00000,   2.08921E-01,   6.48305E-01
   0.90000,    0.05000,   2.06914E-01,   6.45185E-01
   0.90000,    0.10000,   2.01026E-01,   6.35940E-01
   0.90000,    0.15000,   1.91627E-01,   6.20904E-01
   0.90000,    0.20000,   1.79292E-01,   6.00608E-01
   0.90000,    0.25000,   1.64732E-01,   5.75741E-01
   0.90000,    0.30000,   1.48719E-01,   5.47105E-01
   0.90000,    0.35000,   1.32018E-01,   5.15563E-01
   0.90000,    0.40000,   1.15326E-01,   4.81994E-01
   0.90000,    0.45000,   9.92245E-02,   4.47243E-01
   0.90000,    0.50000,   8.41599E-02,   4.12091E-01
   0.90000,    0.55000,   7.04363E-02,   3.77227E-01
   0.90000,    0.60000,   5.82251E-02,   3.43231E-01
   0.90000,    0.65000,   4.75846E-02,   3.10570E-01
   0.90000,    0.70000,   3.84839E-02,   2.79598E-01
   0.90000,    0.75000,   3.08285E-02,   2.50562E-01
   0.90000,    0.80000,   2.44837E-02,   2.23614E-01
   0.90000,    0.85000,   1.92940E-02,   1.98826E-01
   0.90000,    0.90000,   1.50987E-02,   1.76202E-01
   0.90000,    0.95000,   1.17421E-02,   1.55694E-01
   0.90000,    1.00000,   9.08105E-03,   1.37215E-01
   0.90000,    1.05000,   6.98845E-03,   1.20652E-01
   0.90000,    1.10000,   5.35453E-03,   1.05873E-01
   0.90000,    1.15000,   4.08673E-03,   9.27391E-02
   0.90000,    1.20000,   3.10846E-03,   8.11082E-02
   0.90000,    1.25000,   2.35728E-03,   7.08400E-02
   0.90000,    1.30000,   1.78298E-03,   6.17996E-02
   0.90000,    1.35000,   1.34558E-03,   5.38595E-02
   0.90000,    1.40000,   1.01356E-03,   4.69006E-02
   0.90000,    1.45000,   7.62268E-04,   4.08131E-02
   0.90000,    1.50000,   5.72557E-04,   3.54966E-02
   0.90000,    1.55000,   4.29639E-04,   3.08598E-02
   0.90000,    1.60000,   3.22162E-04,   2.68207E-02
   0.90000,    1.65000,   2.41452E-04,   2.33055E-02
   0.90000,    1.70000,   1.80908E-04,   2.02486E-02
   0.90000,    1.75000,   1.35528E-04,   1.75917E-02
   0.90000,    1.80000,   1.01532E-04,   1.52835E-02
   0.90000,    1.85000,   7.60725E-05,   1.32787E-02
   0.90000,    1.90000,   5.70084E-05,   1.15377E-02
   0.90000,    1.95000,   4.27330E-05,   1.00259E-02
   0.90000,    2.00000,   3.20420E-05,   8.71316E-03
   0.95000,    0.00000,   1.47355E-01,   5.44592E-01
   0.95000,    0.05000,   1.46003E-01,   5.42095E-01
   0.95000,    0.10000,   1.42030E-01,   5.34689E-01
   0.95000,    0.15000,   1.35676E-01,   5.22632E-01
   0.95000,    0.20000,   1.27315E-01,   5.06327E-01
   0.95000,    0.25000,   1.17407E-01,   4.86305E-01
   0.95000,    0.30000,   1.06460E-01,   4.63184E-01
   0.95000,    0.35000,   9.49817E-02,   4.37633E-01
   0.95000,    0.40000,   8.34388E-02,   4.10340E-01
   0.95000,    0.45000,   7.22292E-02,   3.81971E-01
   0.95000,    0.50000,   6.16650E-02,   3.53150E-01
   0.95000,    0.55000,   5.19666E-02,   3.24432E-01
   0.95000,    0.60000,   4.32671E-02,   2.96294E-01
   0.95000,    0.65000,   3.56228E-02,   2.69126E-01
   0.95000,    0.70000,   2.90282E-02,   2.43231E-01
   0.95000,    0.75000,   2.34323E-02,   2.18829E-01
   0.95000,    0.80000,   1.87530E-02,   1.96062E-01
   0.95000,    0.85000,   1.48916E-02,   1.75010E-01
   0.95000,    0.90000,   1.17421E-02,   1.55694E-01
   0.95000,    0.95000,   9.20000E-03,   1.38094E-01
   0.95000,    1.00000,   7.16719E-03,   1.22154E-01
   0.95000,    1.05000,   5.55500E-03,   1.07794E-01
   0.95000,    1.10000,   4.28574E-03,   9.49197E-02
   0.95000,    1.15000,   3.29299E-03,   8.34246E-02
   0.95000,    1.20000,   2.52102E-03,   7.31990E-02
   0.95000,    1.25000,   1.92384E-03,   6.41325E-02
   0.95000,    1.30000,   1.46399E-03,   5.61174E-02
   0.95000,    1.35000,   1.11134E-03,   4.90500E-02
   0.95000,    1.40000,   8.41880E-04,   4.28326E-02
   0.95000,    1.45000,   6.36638E-04,   3.73742E-02
   0.95000,    1.50000,   4.80736E-04,   3.25906E-02
   0.95000,    1.55000,   3.62591E-04,   2.84048E-02
   0.95000,    1.60000,   2.73235E-04,   2.47468E-02
   0.95000,    1.65000,   2.05760E-04,   2.15534E-02
   0.95000,    1.70000,   1.54874E-04,   1.87680E-02
   0.95000,    1.75000,   1.16536E-04,   1.63403E-02
   0.95000,    1.80000,   8.76732E-05,   1.42252E-02
   0.95000,    1.85000,   6.59547E-05,   1.23833E-02
   0.95000,    1.90000,   4.96173E-05,   1.07797E-02
   0.95000,    1.95000,   3.73300E-05,   9.38384E-03
   0.95000,    2.00000,   2.80894E-05,   8.16891E-03
   1.00000,    0.00000,   1.03676E-01,   4.57122E-01
   1.00000,    0.05000,   1.02767E-01,   4.55124E-01
   1.00000,    0.10000,   1.00093E-01,   4.49197E-01
   1.00000,    0.15000,   9.58100E-02,   4.39534E-01
   1.00000,    0.20000,   9.01571E-02,   4.26447E-01
   1.00000,    0.25000,   8.34347E-02,   4.10340E-01
   1.00000,    0.30000,   7.59744E-02,   3.91690E-01
   1.00000,    0.35000,   6.81112E-02,   3.71016E-01
   1.00000,    0.40000,   6.01572E-02,   3.48855E-01
   1.00000,    0.45000,   5.23827E-02,   3.25731E-01
   1.00000,    0.50000,   4.50044E-02,   3.02139E-01
   1.00000,    0.55000,   3.81802E-02,   2.78528E-01
   1.00000,    0.60000,   3.20107E-02,   2.55286E-01
   1.00000,    0.65000,   2.65453E-02,   2.32736E-01
   1.00000,    0.70000,   2.17907E-02,   2.11136E-01
   1.00000,    0.75000,   1.77214E-02,   1.90678E-01
   1.00000,    0.80000,   1.42891E-02,   1.71493E-01
   1.00000,    0.85000,   1.14318E-02,   1.53661E-01
   1.00000,    0.90000,   9.08105E-03,   1.37215E-01
   1.00000,    0.95000,   7.16719E-03,   1.22154E-01
   1.00000,    1.00000,   5.62367E-03,   1.08444E-01
   1.00000,    1.05000,   4.38928E-03,   9.60338E-02
   1.00000,    1.10000,   3.40955E-03,   8.48537E-02
   1.00000,    1.15000,   2.63719E-03,   7.48255E-02
   1.00000,    1.20000,   2.03200E-03,   6.58654E-02
   1.00000,    1.25000,   1.56037E-03,   5.78872E-02
   1.00000,    1.30000,   1.19462E-03,   5.08054E-02
   1.00000,    1.35000,   9.12207E-04,   4.45366E-02
   1.00000,    1.40000,   6.94982E-04,   3.90011E-02
   1.00000,    1.45000,   5.28465E-04,   3.41238E-02
   1.00000,    1.50000,   4.01195E-04,   2.98346E-02
   1.00000,    1.55000,   3.04170E-04,   2.60688E-02
   1.00000,    1.60000,   2.30360E-04,   2.27671E-02
   1.00000,    1.65000,   1.74312E-04,   1.98758E-02
   1.00000,    1.70000,   1.31814E-04,   1.73463E-02
   1.00000,    1.75000,   9.96285E-05,   1.51351E-02
   1.00000,    1.80000,   7.52747E-05,   1.32033E-02
   1.00000,    1.85000,   5.68602E-05,   1.15164E-02
   1.00000,    1.90000,   4.29437E-05,   1.00440E-02
   1.00000,    1.95000,   3.24305E-05,   8.75914E-03
   1.00000,    2.00000,   2.44903E-05,   7.63820E-03
   1.05000,    0.00000,   7.28287E-02,   3.83569E-01
   1.05000,    0.05000,   7.22185E-02,   3.81971E-01
   1.05000,    0.10000,   7.04221E-02,   3.77227E-01
   1.05000,    0.15000,   6.75392E-02,   3.69484E-01
   1.05000,    0.20000,   6.37242E-02,   3.58981E-01
   1.05000,    0.25000,   5.91717E-02,   3.46028E-01
   1.05000,    0.30000,   5.40981E-02,   3.30992E-01
   1.05000,    0.35000,   4.87239E-02,   3.14275E-01
   1.05000,    0.40000,   4.32570E-02,   2.96294E-01
   1.05000,    0.45000,   3.78802E-02,   2.77463E-01
   1.05000,    0.50000,   3.27430E-02,   2.58174E-01
   1.05000,    0.55000,   2.79573E-02,   2.38787E-01
   1.05000,    0.60000,   2.35978E-02,   2.19617E-01
   1.05000,    0.65000,   1.97052E-02,   2.00931E-01
   1.05000,    0.70000,   1.62912E-02,   1.82946E-01
   1.05000,    0.75000,   1.33448E-02,   1.65827E-01
   1.05000,    0.80000,   1.08385E-02,   1.49693E-01
   1.05000,    0.85000,   8.73439E-03,   1.34621E-01
   1.05000,    0.90000,   6.98845E-03,   1.20652E-01
   1.05000,    0.95000,   5.55499E-03,   1.07794E-01
   1.05000,    1.00000,   4.38928E-03,   9.60338E-02
   1.05000,    1.05000,   3.44941E-03,   8.53367E-02
   1.05000,    1.10000,   2.69749E-03,   7.56555E-02
   1.05000,    1.15000,   2.10012E-03,   6.69327E-02
   1.05000,    1.20000,   1.62853E-03,   5.91052E-02
   1.05000,    1.25000,   1.25833E-03,   5.21065E-02
   1.05000,    1.30000,   9.69217E-04,   4.58691E-02
   1.05000,    1.35000,   7.44453E-04,   4.03265E-02
   1.05000,    1.40000,   5.70425E-04,   3.54140E-02
   1.05000,    1.45000,   4.36165E-04,   3.10699E-02
   1.05000,    1.50000,   3.32911E-04,   2.72364E-02
   1.05000,    1.55000,   2.53719E-04,   2.38592E-02
   1.05000,    1.60000,   1.93123E-04,   2.08887E-02
   1.05000,    1.65000,   1.46848E-04,   1.82791E-02
   1.05000,    1.70000,   1.11568E-04,   1.59890E-02
   1.05000,    1.75000,   8.47065E-05,   1.39812E-02
   1.05000,    1.80000,   6.42778E-05,   1.22221E-02
   1.05000,    1.85000,   4.87553E-05,   1.06819E-02
   1.05000,    1.90000,   3.69690E-05,   9.33395E-03
   1.05000,    1.95000,   2.80248E-05,   8.15477E-03
   1.05000,    2.00000,   2.12404E-05,   7.12358E-03
   1.10000,    0.00000,   5.11175E-02,   3.21854E-01
   1.10000,    0.05000,   5.07081E-02,   3.20575E-01
   1.10000,    0.10000,   4.95020E-02,   3.16776E-01
   1.10000,    0.15000,   4.75630E-02,   3.10570E-01
   1.10000,    0.20000,   4.49906E-02,   3.02139E-01
   1.10000,    0.25000,   4.19109E-02,   2.91721E-01
   1.10000,    0.30000,   3.84647E-02,   2.79598E-01
   1.10000,    0.35000,   3.47969E-02,   2.66082E-01
   1.10000,    0.40000,   3.10458E-02,   2.51498E-01
   1.10000,    0.45000,   2.73346E-02,   2.36170E-01
   1.10000,    0.50000,   2.37656E-02,   2.20409E-01
   1.10000,    0.55000,   2.04177E-02,   2.04503E-01
   1.10000,    0.60000,   1.73456E-02,   1.88707E-01
   1.10000,    0.65000,   1.45815E-02,   1.73240E-01
   1.10000,    0.70000,   1.21380E-02,   1.58283E-01
   1.10000,    0.75000,   1.00122E-02,   1.43979E-01
   1.10000,    0.80000,   8.18902E-03,   1.30433E-01
   1.10000,    0.85000,   6.64569E-03,   1.17716E-01
   1.10000,    0.90000,   5.35452E-03,   1.05873E-01
   1.10000,    0.95000,   4.28574E-03,   9.49197E-02
   1.10000,    1.00000,   3.40954E-03,   8.48537E-02
   1.10000,    1.05000,   2.69749E-03,   7.56555E-02
   1.10000,    1.10000,   2.12339E-03,   6.72932E-02
   1.10000,    1.15000,   1.66384E-03,   5.97260E-02
   1.10000,    1.20000,   1.29836E-03,   5.29068E-02
   1.10000,    1.25000,   1.00941E-03,   4.67846E-02
   1.10000,    1.30000,   7.82170E-04,   4.13069E-02
   1.10000,    1.35000,   6.04311E-04,   3.64207E-02
   1.10000,    1.40000,   4.65693E-04,   3.20739E-02
   1.10000,    1.45000,   3.58066E-04,   2.82163E-02
   1.10000,    1.50000,   2.74778E-04,   2.48002E-02
   1.10000,    1.55000,   2.10513E-04,   2.17806E-02
   1.10000,    1.60000,   1.61049E-04,   1.91158E-02
   1.10000,    1.65000,   1.23059E-04,   1.67674E-02
   1.10000,    1.70000,   9.39356E-05,   1.47002E-02
   1.10000,    1.75000,   7.16435E-05,   1.28823E-02
   1.10000,    1.80000,   5.46025E-05,   1.12851E-02
   1.10000,    1.85000,   4.15899E-05,   9.88280E-03
   1.10000,    1.90000,   3.16624E-05,   8.65229E-03
   1.10000,    1.95000,   2.40944E-05,   7.57314E-03
   1.10000,    2.00000,   1.83289E-05,   6.62717E-03
   1.15000,    0.00000,   3.58728E-02,   2.70151E-01
   1.15000,    0.05000,   3.55981E-02,   2.69126E-01
   1.15000,    0.10000,   3.47882E-02,   2.66082E-01
   1.15000,    0.15000,   3.34840E-02,   2.61104E-01
   1.15000,    0.20000,   3.17498E-02,   2.54332E-01
   1.15000,    0.25000,   2.96669E-02,   2.45948E-01
   1.15000,    0.30000,   2.73272E-02,   2.36170E-01
   1.15000,    0.35000,   2.48257E-02,   2.25239E-01
   1.15000,    0.40000,   2.22542E-02,   2.13408E-01
   1.15000,    0.45000,   1.96955E-02,   2.00931E-01
   1.15000,    0.50000,   1.72195E-02,   1.88056E-01
   1.15000,    0.55000,   1.48814E-02,   1.75010E-01
   1.15000,    0.60000,   1.27207E-02,   1.62000E-01
   1.15000,    0.65000,   1.07623E-02,   1.49206E-01
   1.15000,    0.70000,   9.01785E-03,   1.36779E-01
   1.15000,    0.75000,   7.48832E-03,   1.24838E-01
   1.15000,    0.80000,   6.16620E-03,   1.13478E-01
   1.15000,    0.85000,   5.03807E-03,   1.02764E-01
   1.15000,    0.90000,   4.08672E-03,   9.27391E-02
   1.15000,    0.95000,   3.29299E-03,   8.34246E-02
   1.15000,    1.00000,   2.63718E-03,   7.48255E-02
   1.15000,    1.05000,   2.10012E-03,   6.69327E-02
   1.15000,    1.10000,   1.66383E-03,   5.97260E-02
   1.15000,    1.15000,   1.31201E-03,   5.31769E-02
   1.15000,    1.20000,   1.03019E-03,   4.72507E-02
   1.15000,    1.25000,   8.05811E-04,   4.19091E-02
   1.15000,    1.30000,   6.28134E-04,   3.71112E-02
   1.15000,    1.35000,   4.88135E-04,   3.28152E-02
   1.15000,    1.40000,   3.78308E-04,   2.89795E-02
   1.15000,    1.45000,   2.92492E-04,   2.55632E-02
   1.15000,    1.50000,   2.25668E-04,   2.25274E-02
   1.15000,    1.55000,   1.73794E-04,   1.98349E-02
   1.15000,    1.60000,   1.33632E-04,   1.74510E-02
   1.15000,    1.65000,   1.02611E-04,   1.53433E-02
   1.15000,    1.70000,   7.86969E-05,   1.34824E-02
   1.15000,    1.75000,   6.02945E-05,   1.18410E-02
   1.15000,    1.80000,   4.61541E-05,   1.03947E-02
   1.15000,    1.85000,   3.53027E-05,   9.12137E-03
   1.15000,    1.90000,   2.69845E-05,   8.00110E-03
   1.15000,    1.95000,   2.06142E-05,   7.01615E-03
   1.15000,    2.00000,   1.57398E-05,   6.15068E-03
   1.20000,    0.00000,   2.51844E-02,   2.26878E-01
   1.20000,    0.05000,   2.50000E-02,   2.26057E-01
   1.20000,    0.10000,   2.44557E-02,   2.23614E-01
   1.20000,    0.15000,   2.35779E-02,   2.19617E-01
   1.20000,    0.20000,   2.24080E-02,   2.14172E-01
   1.20000,    0.25000,   2.09987E-02,   2.07418E-01
   1.20000,    0.30000,   1.94098E-02,   1.99525E-01
   1.20000,    0.35000,   1.77037E-02,   1.90678E-01
   1.20000,    0.40000,   1.59412E-02,   1.81075E-01
   1.20000,    0.45000,   1.41778E-02,   1.70915E-01
   1.20000,    0.50000,   1.24613E-02,   1.60394E-01
   1.20000,    0.55000,   1.08300E-02,   1.49693E-01
   1.20000,    0.60000,   9.31225E-03,   1.38979E-01
   1.20000,    0.65000,   7.92689E-03,   1.28399E-01
   1.20000,    0.70000,   6.68388E-03,   1.18078E-01
   1.20000,    0.75000,   5.58584E-03,   1.08119E-01
   1.20000,    0.80000,   4.62948E-03,   9.86004E-02
   1.20000,    0.85000,   3.80720E-03,   8.95833E-02
   1.20000,    0.90000,   3.10845E-03,   8.11082E-02
   1.20000,    0.95000,   2.52102E-03,   7.31990E-02
   1.20000,    1.00000,   2.03199E-03,   6.58654E-02
   1.20000,    1.05000,   1.62852E-03,   5.91052E-02
   1.20000,    1.10000,   1.29836E-03,   5.29068E-02
   1.20000,    1.15000,   1.03019E-03,   4.72507E-02
   1.20000,    1.20000,   8.13866E-04,   4.21122E-02
   1.20000,    1.25000,   6.40433E-04,   3.74624E-02
   1.20000,    1.30000,   5.02171E-04,   3.32700E-02
   1.20000,    1.35000,   3.92503E-04,   2.95021E-02
   1.20000,    1.40000,   3.05914E-04,   2.61257E-02
   1.20000,    1.45000,   2.37824E-04,   2.31079E-02
   1.20000,    1.50000,   1.84476E-04,   2.04169E-02
   1.20000,    1.55000,   1.42811E-04,   1.80221E-02
   1.20000,    1.60000,   1.10364E-04,   1.58948E-02
   1.20000,    1.65000,   8.51585E-05,   1.40081E-02
   1.20000,    1.70000,   6.56203E-05,   1.23370E-02
   1.20000,    1.75000,   5.05044E-05,   1.08588E-02
   1.20000,    1.80000,   3.88293E-05,   9.55244E-03
   1.20000,    1.85000,   2.98251E-05,   8.39917E-03
   1.20000,    1.90000,   2.28898E-05,   7.38187E-03
   1.20000,    1.95000,   1.75541E-05,   6.48519E-03
   1.20000,    2.00000,   1.34535E-05,   5.69538E-03
   1.25000,    0.00000,   1.76957E-02,   1.90678E-01
   1.25000,    0.05000,   1.75716E-02,   1.90018E-01
   1.25000,    0.10000,   1.72054E-02,   1.88056E-01
   1.25000,    0.15000,   1.66138E-02,   1.84841E-01
   1.25000,    0.20000,   1.58237E-02,   1.80457E-01
   1.25000,    0.25000,   1.48691E-02,   1.75010E-01
   1.25000,    0.30000,   1.37891E-02,   1.68630E-01
   1.25000,    0.35000,   1.26247E-02,   1.61462E-01
   1.25000,    0.40000,   1.14162E-02,   1.53661E-01
   1.25000,    0.45000,   1.02007E-02,   1.45382E-01
   1.25000,    0.50000,   9.01082E-03,   1.36779E-01
   1.25000,    0.55000,   7.87309E-03,   1.27998E-01
   1.25000,    0.60000,   6.80777E-03,   1.19173E-01
   1.25000,    0.65000,   5.82880E-03,   1.10424E-01
   1.25000,    0.70000,   4.94431E-03,   1.01854E-01
   1.25000,    0.75000,   4.15739E-03,   9.35495E-02
   1.25000,    0.80000,   3.46703E-03,   8.55796E-02
   1.25000,    0.85000,   2.86910E-03,   7.79971E-02
   1.25000,    0.90000,   2.35727E-03,   7.08400E-02
   1.25000,    0.95000,   1.92383E-03,   6.41325E-02
   1.25000,    1.00000,   1.56037E-03,   5.78872E-02
   1.25000,    1.05000,   1.25833E-03,   5.21065E-02
   1.25000,    1.10000,   1.00941E-03,   4.67846E-02
   1.25000,    1.15000,   8.05809E-04,   4.19091E-02
   1.25000,    1.20000,   6.40433E-04,   3.74624E-02
   1.25000,    1.25000,   5.06948E-04,   3.34233E-02
   1.25000,    1.30000,   3.99820E-04,   2.97678E-02
   1.25000,    1.35000,   3.14292E-04,   2.64704E-02
   1.25000,    1.40000,   2.46328E-04,   2.35050E-02
   1.25000,    1.45000,   1.92547E-04,   2.08452E-02
   1.25000,    1.50000,   1.50151E-04,   1.84653E-02
   1.25000,    1.55000,   1.16841E-04,   1.63403E-02
   1.25000,    1.60000,   9.07475E-05,   1.44464E-02
   1.25000,    1.65000,   7.03621E-05,   1.27614E-02
   1.25000,    1.70000,   5.44733E-05,   1.12644E-02
   1.25000,    1.75000,   4.21150E-05,   9.93619E-03
   1.25000,    1.80000,   3.25206E-05,   8.75914E-03
   1.25000,    1.85000,   2.50843E-05,   7.71713E-03
   1.25000,    1.90000,   1.93293E-05,   6.79557E-03
   1.25000,    1.95000,   1.48814E-05,   5.98123E-03
   1.25000,    2.00000,   1.14480E-05,   5.26223E-03
   1.30000,    0.00000,   1.24485E-02,   1.60394E-01
   1.30000,    0.05000,   1.23650E-02,   1.59863E-01
   1.30000,    0.10000,   1.21180E-02,   1.58283E-01
   1.30000,    0.15000,   1.17186E-02,   1.55694E-01
   1.30000,    0.20000,   1.11840E-02,   1.52157E-01
   1.30000,    0.25000,   1.05365E-02,   1.47757E-01
   1.30000,    0.30000,   9.80143E-03,   1.42593E-01
   1.30000,    0.35000,   9.00580E-03,   1.36779E-01
   1.30000,    0.40000,   8.17633E-03,   1.30433E-01
   1.30000,    0.45000,   7.33798E-03,   1.23679E-01
   1.30000,    0.50000,   6.51286E-03,   1.16639E-01
   1.30000,    0.55000,   5.71934E-03,   1.09428E-01
   1.30000,    0.60000,   4.97179E-03,   1.02156E-01
   1.30000,    0.65000,   4.28043E-03,   9.49197E-02
   1.30000,    0.70000,   3.65166E-03,   8.78038E-02
   1.30000,    0.75000,   3.08845E-03,   8.08810E-02
   1.30000,    0.80000,   2.59093E-03,   7.42104E-02
   1.30000,    0.85000,   2.15702E-03,   6.78385E-02
   1.30000,    0.90000,   1.78297E-03,   6.17996E-02
   1.30000,    0.95000,   1.46398E-03,   5.61174E-02
   1.30000,    1.00000,   1.19461E-03,   5.08054E-02
   1.30000,    1.05000,   9.69213E-04,   4.58691E-02
   1.30000,    1.10000,   7.82167E-04,   4.13069E-02
   1.30000,    1.15000,   6.28133E-04,   3.71112E-02
   1.30000,    1.20000,   5.02170E-04,   3.32700E-02
   1.30000,    1.25000,   3.99820E-04,   2.97678E-02
   1.30000,    1.30000,   3.17141E-04,   2.65866E-02
   1.30000,    1.35000,   2.50705E-04,   2.37066E-02
   1.30000,    1.40000,   1.97576E-04,   2.11075E-02
   1.30000,    1.45000,   1.55274E-04,   1.87680E-02
   1.30000,    1.50000,   1.21722E-04,   1.66676E-02
   1.30000,    1.55000,   9.52035E-05,   1.47859E-02
   1.30000,    1.60000,   7.43101E-05,   1.31035E-02
   1.30000,    1.65000,   5.78946E-05,   1.16019E-02
   1.30000,    1.70000,   4.50299E-05,   1.02638E-02
   1.30000,    1.75000,   3.49706E-05,   9.07313E-03
   1.30000,    1.80000,   2.71210E-05,   8.01493E-03
   1.30000,    1.85000,   2.10070E-05,   7.07559E-03
   1.30000,    1.90000,   1.62528E-05,   6.24266E-03
   1.30000,    1.95000,   1.25617E-05,   5.50481E-03
   1.30000,    2.00000,   9.69976E-06,   4.85179E-03
   1.35000,    0.00000,   8.76976E-03,   1.35049E-01
   1.35000,    0.05000,   8.71333E-03,   1.34621E-01
   1.35000,    0.10000,   8.54644E-03,   1.33347E-01
   1.35000,    0.15000,   8.27619E-03,   1.31257E-01
   1.35000,    0.20000,   7.91377E-03,   1.28399E-01
   1.35000,    0.25000,   7.47363E-03,   1.24838E-01
   1.35000,    0.30000,   6.97245E-03,   1.20652E-01
   1.35000,    0.35000,   6.42797E-03,   1.15927E-01
   1.35000,    0.40000,   5.85795E-03,   1.10758E-01
   1.35000,    0.45000,   5.27915E-03,   1.05242E-01
   1.35000,    0.50000,   4.70657E-03,   9.94748E-02
   1.35000,    0.55000,   4.15292E-03,   9.35495E-02
   1.35000,    0.60000,   3.62832E-03,   8.75531E-02
   1.35000,    0.65000,   3.14023E-03,   8.15651E-02
   1.35000,    0.70000,   2.69353E-03,   7.56555E-02
   1.35000,    0.75000,   2.29083E-03,   6.98848E-02
   1.35000,    0.80000,   1.93277E-03,   6.43033E-02
   1.35000,    0.85000,   1.61839E-03,   5.89513E-02
   1.35000,    0.90000,   1.34557E-03,   5.38595E-02
   1.35000,    0.95000,   1.11133E-03,   4.90500E-02
   1.35000,    1.00000,   9.12201E-04,   4.45366E-02
   1.35000,    1.05000,   7.44449E-04,   4.03265E-02
   1.35000,    1.10000,   6.04308E-04,   3.64207E-02
   1.35000,    1.15000,   4.88133E-04,   3.28152E-02
   1.35000,    1.20000,   3.92502E-04,   2.95021E-02
   1.35000,    1.25000,   3.14292E-04,   2.64704E-02
   1.35000,    1.30000,   2.50705E-04,   2.37066E-02
   1.35000,    1.35000,   1.99285E-04,   2.11957E-02
   1.35000,    1.40000,   1.57907E-04,   1.89217E-02
   1.35000,    1.45000,   1.24758E-04,   1.68678E-02
   1.35000,    1.50000,   9.83074E-05,   1.50176E-02
   1.35000,    1.55000,   7.72786E-05,   1.33547E-02
   1.35000,    1.60000,   6.06150E-05,   1.18630E-02
   1.35000,    1.65000,   4.74496E-05,   1.05276E-02
   1.35000,    1.70000,   3.70759E-05,   9.33395E-03
   1.35000,    1.75000,   2.89218E-05,   8.26872E-03
   1.35000,    1.80000,   2.25266E-05,   7.31939E-03
   1.35000,    1.85000,   1.75210E-05,   6.47442E-03
   1.35000,    1.90000,   1.36102E-05,   5.72324E-03
   1.35000,    1.95000,   1.05601E-05,   5.05615E-03
   1.35000,    2.00000,   8.18490E-06,   4.46436E-03
   1.40000,    0.00000,   6.18790E-03,   1.13824E-01
   1.40000,    0.05000,   6.14969E-03,   1.13478E-01
   1.40000,    0.10000,   6.03662E-03,   1.12449E-01
   1.40000,    0.15000,   5.85331E-03,   1.10758E-01
   1.40000,    0.20000,   5.60703E-03,   1.08444E-01
   1.40000,    0.25000,   5.30722E-03,   1.05557E-01
   1.40000,    0.30000,   4.96482E-03,   1.02156E-01
   1.40000,    0.35000,   4.59156E-03,   9.83110E-02
   1.40000,    0.40000,   4.19924E-03,   9.40946E-02
   1.40000,    0.45000,   3.79913E-03,   8.95833E-02
   1.40000,    0.50000,   3.40143E-03,   8.48537E-02
   1.40000,    0.55000,   3.01490E-03,   7.99798E-02
   1.40000,    0.60000,   2.64665E-03,   7.50319E-02
   1.40000,    0.65000,   2.30207E-03,   7.00746E-02
   1.40000,    0.70000,   1.98485E-03,   6.51654E-02
   1.40000,    0.75000,   1.69712E-03,   6.03548E-02
   1.40000,    0.80000,   1.43968E-03,   5.56853E-02
   1.40000,    0.85000,   1.21222E-03,   5.11915E-02
   1.40000,    0.90000,   1.01355E-03,   4.69006E-02
   1.40000,    0.95000,   8.41874E-04,   4.28326E-02
   1.40000,    1.00000,   6.94977E-04,   3.90011E-02
   1.40000,    1.05000,   5.70421E-04,   3.54140E-02
   1.40000,    1.10000,   4.65690E-04,   3.20739E-02
   1.40000,    1.15000,   3.78306E-04,   2.89795E-02
   1.40000,    1.20000,   3.05912E-04,   2.61257E-02
   1.40000,    1.25000,   2.46327E-04,   2.35050E-02
   1.40000,    1.30000,   1.97576E-04,   2.11075E-02
   1.40000,    1.35000,   1.57907E-04,   1.89217E-02
   1.40000,    1.40000,   1.25788E-04,   1.69352E-02
   1.40000,    1.45000,   9.99008E-05,   1.51351E-02
   1.40000,    1.50000,   7.91220E-05,   1.35081E-02
   1.40000,    1.55000,   6.25063E-05,   1.20410E-02
   1.40000,    1.60000,   4.92650E-05,   1.07209E-02
   1.40000,    1.65000,   3.87457E-05,   9.53542E-03
   1.40000,    1.70000,   3.04126E-05,   8.47270E-03
   1.40000,    1.75000,   2.38285E-05,   7.52157E-03
   1.40000,    1.80000,   1.86387E-05,   6.67159E-03
   1.40000,    1.85000,   1.45569E-05,   5.91305E-03
   1.40000,    1.90000,   1.13530E-05,   5.23698E-03
   1.40000,    1.95000,   8.84284E-06,   4.63514E-03
   1.40000,    2.00000,   6.87961E-06,   4.09996E-03
   1.45000,    0.00000,   4.37346E-03,   9.60338E-02
   1.45000,    0.05000,   4.34752E-03,   9.57537E-02
   1.45000,    0.10000,   4.27072E-03,   9.49197E-02
   1.45000,    0.15000,   4.14605E-03,   9.35495E-02
   1.45000,    0.20000,   3.97828E-03,   9.16721E-02
   1.45000,    0.25000,   3.77358E-03,   8.93264E-02
   1.45000,    0.30000,   3.53917E-03,   8.65594E-02
   1.45000,    0.35000,   3.28279E-03,   8.34246E-02
   1.45000,    0.40000,   3.01233E-03,   7.99798E-02
   1.45000,    0.45000,   2.73536E-03,   7.62854E-02
   1.45000,    0.50000,   2.45882E-03,   7.24021E-02
   1.45000,    0.55000,   2.18875E-03,   6.83892E-02
   1.45000,    0.60000,   1.93014E-03,   6.43033E-02
   1.45000,    0.65000,   1.68683E-03,   6.01969E-02
   1.45000,    0.70000,   1.46159E-03,   5.61174E-02
   1.45000,    0.75000,   1.25610E-03,   5.21065E-02
   1.45000,    0.80000,   1.07115E-03,   4.82001E-02
   1.45000,    0.85000,   9.06742E-04,   4.44277E-02
   1.45000,    0.90000,   7.62261E-04,   4.08131E-02
   1.45000,    0.95000,   6.36632E-04,   3.73742E-02
   1.45000,    1.00000,   5.28460E-04,   3.41238E-02
   1.45000,    1.05000,   4.36162E-04,   3.10699E-02
   1.45000,    1.10000,   3.58063E-04,   2.82163E-02
   1.45000,    1.15000,   2.92490E-04,   2.55632E-02
   1.45000,    1.20000,   2.37823E-04,   2.31079E-02
   1.45000,    1.25000,   1.92546E-04,   2.08452E-02
   1.45000,    1.30000,   1.55273E-04,   1.87680E-02
   1.45000,    1.35000,   1.24757E-04,   1.68678E-02
   1.45000,    1.40000,   9.99006E-05,   1.51351E-02
   1.45000,    1.45000,   7.97470E-05,   1.35597E-02
   1.45000,    1.50000,   6.34760E-05,   1.21312E-02
   1.45000,    1.55000,   5.03906E-05,   1.08389E-02
   1.45000,    1.60000,   3.99045E-05,   9.67260E-03
   1.45000,    1.65000,   3.15288E-05,   8.62205E-03
   1.45000,    1.70000,   2.48588E-05,   7.67754E-03
   1.45000,    1.75000,   1.95618E-05,   6.82985E-03
   1.45000,    1.80000,   1.53658E-05,   6.07024E-03
   1.45000,    1.85000,   1.20499E-05,   5.39059E-03
   1.45000,    1.90000,   9.43504E-06,   4.78331E-03
   1.45000,    1.95000,   7.37727E-06,   4.24139E-03
   1.45000,    2.00000,   5.76090E-06,   3.75839E-03
   1.50000,    0.00000,   3.09643E-03,   8.11082E-02
   1.50000,    0.05000,   3.07877E-03,   8.08810E-02
   1.50000,    0.10000,   3.02646E-03,   8.02039E-02
   1.50000,    0.15000,   2.94146E-03,   7.90910E-02
   1.50000,    0.20000,   2.82688E-03,   7.75648E-02
   1.50000,    0.25000,   2.68680E-03,   7.56555E-02
   1.50000,    0.30000,   2.52596E-03,   7.33999E-02
   1.50000,    0.35000,   2.34952E-03,   7.08400E-02
   1.50000,    0.40000,   2.16274E-03,   6.80214E-02
   1.50000,    0.45000,   1.97073E-03,   6.49919E-02
   1.50000,    0.50000,   1.77820E-03,   6.17996E-02
   1.50000,    0.55000,   1.58933E-03,   5.84923E-02
   1.50000,    0.60000,   1.40759E-03,   5.51156E-02
   1.50000,    0.65000,   1.23573E-03,   5.17119E-02
   1.50000,    0.70000,   1.07579E-03,   4.83204E-02
   1.50000,    0.75000,   9.29067E-04,   4.49755E-02
   1.50000,    0.80000,   7.96260E-04,   4.17072E-02
   1.50000,    0.85000,   6.77518E-04,   3.85407E-02
   1.50000,    0.90000,   5.72550E-04,   3.54966E-02
   1.50000,    0.95000,   4.80731E-04,   3.25906E-02
   1.50000,    1.00000,   4.01191E-04,   2.98346E-02
   1.50000,    1.05000,   3.32908E-04,   2.72364E-02
   1.50000,    1.10000,   2.74776E-04,   2.48002E-02
   1.50000,    1.15000,   2.25666E-04,   2.25274E-02
   1.50000,    1.20000,   1.84474E-04,   2.04169E-02
   1.50000,    1.25000,   1.50150E-04,   1.84653E-02
   1.50000,    1.30000,   1.21721E-04,   1.66676E-02
   1.50000,    1.35000,   9.83070E-05,   1.50176E-02
   1.50000,    1.40000,   7.91218E-05,   1.35081E-02
   1.50000,    1.45000,   6.34759E-05,   1.21312E-02
   1.50000,    1.50000,   5.07720E-05,   1.08786E-02
   1.50000,    1.55000,   4.04980E-05,   9.74207E-03
   1.50000,    1.60000,   3.22199E-05,   8.71316E-03
   1.50000,    1.65000,   2.55726E-05,   7.78365E-03
   1.50000,    1.70000,   2.02515E-05,   6.94559E-03
   1.50000,    1.75000,   1.60046E-05,   6.19136E-03
   1.50000,    1.80000,   1.26240E-05,   5.51372E-03
   1.50000,    1.85000,   9.93981E-06,   4.90584E-03
   1.50000,    1.90000,   7.81352E-06,   4.36136E-03
   1.50000,    1.95000,   6.13280E-06,   3.87432E-03
   1.50000,    2.00000,   4.80694E-06,   3.43923E-03
   1.55000,    0.00000,   2.19622E-03,   6.85739E-02
   1.55000,    0.05000,   2.18416E-03,   6.83892E-02
   1.55000,    0.10000,   2.14844E-03,   6.78385E-02
   1.55000,    0.15000,   2.09033E-03,   6.69327E-02
   1.55000,    0.20000,   2.01188E-03,   6.56895E-02
   1.55000,    0.25000,   1.91579E-03,   6.41325E-02
   1.55000,    0.30000,   1.80519E-03,   6.22907E-02
   1.55000,    0.35000,   1.68351E-03,   6.01969E-02
   1.55000,    0.40000,   1.55429E-03,   5.78872E-02
   1.55000,    0.45000,   1.42097E-03,   5.53995E-02
   1.55000,    0.50000,   1.28676E-03,   5.27724E-02
   1.55000,    0.55000,   1.15453E-03,   5.00438E-02
   1.55000,    0.60000,   1.02672E-03,   4.72507E-02
   1.55000,    0.65000,   9.05266E-04,   4.44277E-02
   1.55000,    0.70000,   7.91660E-04,   4.16067E-02
   1.55000,    0.75000,   6.86899E-04,   3.88162E-02
   1.55000,    0.80000,   5.91559E-04,   3.60813E-02
   1.55000,    0.85000,   5.05840E-04,   3.34233E-02
   1.55000,    0.90000,   4.29633E-04,   3.08598E-02
   1.55000,    0.95000,   3.62587E-04,   2.84048E-02
   1.55000,    1.00000,   3.04166E-04,   2.60688E-02
   1.55000,    1.05000,   2.53716E-04,   2.38592E-02
   1.55000,    1.10000,   2.10510E-04,   2.17806E-02
   1.55000,    1.15000,   1.73792E-04,   1.98349E-02
   1.55000,    1.20000,   1.42810E-04,   1.80221E-02
   1.55000,    1.25000,   1.16840E-04,   1.63403E-02
   1.55000,    1.30000,   9.52029E-05,   1.47859E-02
   1.55000,    1.35000,   7.72782E-05,   1.33547E-02
   1.55000,    1.40000,   6.25060E-05,   1.20410E-02
   1.55000,    1.45000,   5.03905E-05,   1.08389E-02
   1.55000,    1.50000,   4.04980E-05,   9.74207E-03
   1.55000,    1.55000,   3.24539E-05,   8.74378E-03
   1.55000,    1.60000,   2.59378E-05,   7.83735E-03
   1.55000,    1.65000,   2.06781E-05,   7.01615E-03
   1.55000,    1.70000,   1.64464E-05,   6.27369E-03
   1.55000,    1.75000,   1.30523E-05,   5.60369E-03
   1.55000,    1.80000,   1.03376E-05,   5.00016E-03
   1.55000,    1.85000,   8.17216E-06,   4.45740E-03
   1.55000,    1.90000,   6.44905E-06,   3.97007E-03
   1.55000,    1.95000,   5.08107E-06,   3.53313E-03
   1.55000,    2.00000,   3.99735E-06,   3.14192E-03
   1.60000,    0.00000,   1.56060E-03,   5.80378E-02
   1.60000,    0.05000,   1.55235E-03,   5.78872E-02
   1.60000,    0.10000,   1.52788E-03,   5.74384E-02
   1.60000,    0.15000,   1.48805E-03,   5.66999E-02
   1.60000,    0.20000,   1.43421E-03,   5.56853E-02
   1.60000,    0.25000,   1.36814E-03,   5.44134E-02
   1.60000,    0.30000,   1.29192E-03,   5.29068E-02
   1.60000,    0.35000,   1.20784E-03,   5.11915E-02
   1.60000,    0.40000,   1.11828E-03,   4.92961E-02
   1.60000,    0.45000,   1.02556E-03,   4.72507E-02
   1.60000,    0.50000,   9.31868E-04,   4.50860E-02
   1.60000,    0.55000,   8.39185E-04,   4.28326E-02
   1.60000,    0.60000,   7.49205E-04,   4.05203E-02
   1.60000,    0.65000,   6.63317E-04,   3.81771E-02
   1.60000,    0.70000,   5.82587E-04,   3.58293E-02
   1.60000,    0.75000,   5.07769E-04,   3.35003E-02
   1.60000,    0.80000,   4.39325E-04,   3.12110E-02
   1.60000,    0.85000,   3.77459E-04,   2.89795E-02
   1.60000,    0.90000,   3.22157E-04,   2.68207E-02
   1.60000,    0.95000,   2.73231E-04,   2.47468E-02
   1.60000,    1.00000,   2.30357E-04,   2.27671E-02
   1.60000,    1.05000,   1.93121E-04,   2.08887E-02
   1.60000,    1.10000,   1.61047E-04,   1.91158E-02
   1.60000,    1.15000,   1.33631E-04,   1.74510E-02
   1.60000,    1.20000,   1.10363E-04,   1.58948E-02
   1.60000,    1.25000,   9.07467E-05,   1.44464E-02
   1.60000,    1.30000,   7.43095E-05,   1.31035E-02
   1.60000,    1.35000,   6.06146E-05,   1.18630E-02
   1.60000,    1.40000,   4.92647E-05,   1.07209E-02
   1.60000,    1.45000,   3.99044E-05,   9.67260E-03
   1.60000,    1.50000,   3.22198E-05,   8.71316E-03
   1.60000,    1.55000,   2.59378E-05,   7.83735E-03
   1.60000,    1.60000,   2.08224E-05,   7.03986E-03
   1.60000,    1.65000,   1.66723E-05,   6.31533E-03
   1.60000,    1.70000,   1.33168E-05,   5.65850E-03
   1.60000,    1.75000,   1.06124E-05,   5.06421E-03
   1.60000,    1.80000,   8.43925E-06,   4.52753E-03
   1.60000,    1.85000,   6.69783E-06,   4.04370E-03
   1.60000,    1.90000,   5.30599E-06,   3.60824E-03
   1.60000,    1.95000,   4.19624E-06,   3.21691E-03
   1.60000,    2.00000,   3.31340E-06,   2.86574E-03
   1.65000,    0.00000,   1.11106E-03,   4.91729E-02
   1.65000,    0.05000,   1.10540E-03,   4.90500E-02
   1.65000,    0.10000,   1.08860E-03,   4.86835E-02
   1.65000,    0.15000,   1.06123E-03,   4.80801E-02
   1.65000,    0.20000,   1.02419E-03,   4.72507E-02
   1.65000,    0.25000,   9.78646E-04,   4.62099E-02
   1.65000,    0.30000,   9.26000E-04,   4.49755E-02
   1.65000,    0.35000,   8.67784E-04,   4.35681E-02
   1.65000,    0.40000,   8.05588E-04,   4.20105E-02
   1.65000,    0.45000,   7.40992E-04,   4.03265E-02
   1.65000,    0.50000,   6.75490E-04,   3.85407E-02
   1.65000,    0.55000,   6.10441E-04,   3.66778E-02
   1.65000,    0.60000,   5.47029E-04,   3.47616E-02
   1.65000,    0.65000,   4.86236E-04,   3.28152E-02
   1.65000,    0.70000,   4.28830E-04,   3.08598E-02
   1.65000,    0.75000,   3.75373E-04,   2.89149E-02
   1.65000,    0.80000,   3.26226E-04,   2.69979E-02
   1.65000,    0.85000,   2.81573E-04,   2.51238E-02
   1.65000,    0.90000,   2.41448E-04,   2.33055E-02
   1.65000,    0.95000,   2.05756E-04,   2.15534E-02
   1.65000,    1.00000,   1.74310E-04,   1.98758E-02
   1.65000,    1.05000,   1.46846E-04,   1.82791E-02
   1.65000,    1.10000,   1.23057E-04,   1.67674E-02
   1.65000,    1.15000,   1.02609E-04,   1.53433E-02
   1.65000,    1.20000,   8.51575E-05,   1.40081E-02
   1.65000,    1.25000,   7.03614E-05,   1.27614E-02
   1.65000,    1.30000,   5.78941E-05,   1.16019E-02
   1.65000,    1.35000,   4.74492E-05,   1.05276E-02
   1.65000,    1.40000,   3.87455E-05,   9.53542E-03
   1.65000,    1.45000,   3.15286E-05,   8.62205E-03
   1.65000,    1.50000,   2.55725E-05,   7.78365E-03
   1.65000,    1.55000,   2.06780E-05,   7.01615E-03
   1.65000,    1.60000,   1.66723E-05,   6.31533E-03
   1.65000,    1.65000,   1.34062E-05,   5.67690E-03
   1.65000,    1.70000,   1.07527E-05,   5.09660E-03
   1.65000,    1.75000,   8.60403E-06,   4.57022E-03
   1.65000,    1.80000,   6.86945E-06,   4.09367E-03
   1.65000,    1.85000,   5.47324E-06,   3.66302E-03
   1.65000,    1.90000,   4.35243E-06,   3.27452E-03
   1.65000,    1.95000,   3.45498E-06,   2.92459E-03
   1.65000,    2.00000,   2.73807E-06,   2.60989E-03
   1.70000,    0.00000,   7.92588E-04,   4.17072E-02
   1.70000,    0.05000,   7.88692E-04,   4.16067E-02
   1.70000,    0.10000,   7.77130E-04,   4.13069E-02
   1.70000,    0.15000,   7.58276E-04,   4.08131E-02
   1.70000,    0.20000,   7.32723E-04,   4.01338E-02
   1.70000,    0.25000,   7.01259E-04,   3.92806E-02
   1.70000,    0.30000,   6.64813E-04,   3.82676E-02
   1.70000,    0.35000,   6.24416E-04,   3.71112E-02
   1.70000,    0.40000,   5.81140E-04,   3.58293E-02
   1.70000,    0.45000,   5.36055E-04,   3.44409E-02
   1.70000,    0.50000,   4.90185E-04,   3.29659E-02
   1.70000,    0.55000,   4.44464E-04,   3.14240E-02
   1.70000,    0.60000,   3.99719E-04,   2.98346E-02
   1.70000,    0.65000,   3.56642E-04,   2.82163E-02
   1.70000,    0.70000,   3.15787E-04,   2.65866E-02
   1.70000,    0.75000,   2.77566E-04,   2.49614E-02
   1.70000,    0.80000,   2.42258E-04,   2.33552E-02
   1.70000,    0.85000,   2.10021E-04,   2.17806E-02
   1.70000,    0.90000,   1.80904E-04,   2.02486E-02
   1.70000,    0.95000,   1.54871E-04,   1.87680E-02
   1.70000,    1.00000,   1.31812E-04,   1.73463E-02
   1.70000,    1.05000,   1.11566E-04,   1.59890E-02
   1.70000,    1.10000,   9.39342E-05,   1.47002E-02
   1.70000,    1.15000,   7.86958E-05,   1.34824E-02
   1.70000,    1.20000,   6.56195E-05,   1.23370E-02
   1.70000,    1.25000,   5.44726E-05,   1.12644E-02
   1.70000,    1.30000,   4.50294E-05,   1.02638E-02
   1.70000,    1.35000,   3.70756E-05,   9.33395E-03
   1.70000,    1.40000,   3.04124E-05,   8.47270E-03
   1.70000,    1.45000,   2.48586E-05,   7.67754E-03
   1.70000,    1.50000,   2.02514E-05,   6.94559E-03
   1.70000,    1.55000,   1.64463E-05,   6.27369E-03
   1.70000,    1.60000,   1.33168E-05,   5.65850E-03
   1.70000,    1.65000,   1.07527E-05,   5.09660E-03
   1.70000,    1.70000,   8.65973E-06,   4.58455E-03
   1.70000,    1.75000,   6.95704E-06,   4.11892E-03
   1.70000,    1.80000,   5.57632E-06,   3.69635E-03
   1.70000,    1.85000,   4.46005E-06,   3.31359E-03
   1.70000,    1.90000,   3.56011E-06,   2.96749E-03
   1.70000,    1.95000,   2.83649E-06,   2.65506E-03
   1.70000,    2.00000,   2.25607E-06,   2.37347E-03
   1.75000,    0.00000,   5.66572E-04,   3.54140E-02
   1.75000,    0.05000,   5.63884E-04,   3.53316E-02
   1.75000,    0.10000,   5.55904E-04,   3.50860E-02
   1.75000,    0.15000,   5.42881E-04,   3.46811E-02
   1.75000,    0.20000,   5.25211E-04,   3.41238E-02
   1.75000,    0.25000,   5.03420E-04,   3.34233E-02
   1.75000,    0.30000,   4.78130E-04,   3.25906E-02
   1.75000,    0.35000,   4.50036E-04,   3.16389E-02
   1.75000,    0.40000,   4.19861E-04,   3.05823E-02
   1.75000,    0.45000,   3.88334E-04,   2.94362E-02
   1.75000,    0.50000,   3.56154E-04,   2.82163E-02
   1.75000,    0.55000,   3.23967E-04,   2.69386E-02
   1.75000,    0.60000,   2.92349E-04,   2.56188E-02
   1.75000,    0.65000,   2.61787E-04,   2.42720E-02
   1.75000,    0.70000,   2.32679E-04,   2.29125E-02
   1.75000,    0.75000,   2.05328E-04,   2.15534E-02
   1.75000,    0.80000,   1.79945E-04,   2.02067E-02
   1.75000,    0.85000,   1.56659E-04,   1.88831E-02
   1.75000,    0.90000,   1.35525E-04,   1.75917E-02
   1.75000,    0.95000,   1.16534E-04,   1.63403E-02
   1.75000,    1.00000,   9.96266E-05,   1.51351E-02
   1.75000,    1.05000,   8.47050E-05,   1.39812E-02
   1.75000,    1.10000,   7.16423E-05,   1.28823E-02
   1.75000,    1.15000,   6.02936E-05,   1.18410E-02
   1.75000,    1.20000,   5.05036E-05,   1.08588E-02
   1.75000,    1.25000,   4.21144E-05,   9.93619E-03
   1.75000,    1.30000,   3.49702E-05,   9.07312E-03
   1.75000,    1.35000,   2.89215E-05,   8.26872E-03
   1.75000,    1.40000,   2.38283E-05,   7.52157E-03
   1.75000,    1.45000,   1.95616E-05,   6.82985E-03
   1.75000,    1.50000,   1.60045E-05,   6.19136E-03
   1.75000,    1.55000,   1.30522E-05,   5.60369E-03
   1.75000,    1.60000,   1.06124E-05,   5.06421E-03
   1.75000,    1.65000,   8.60401E-06,   4.57022E-03
   1.75000,    1.70000,   6.95703E-06,   4.11892E-03
   1.75000,    1.75000,   5.61114E-06,   3.70754E-03
   1.75000,    1.80000,   4.51493E-06,   3.33333E-03
   1.75000,    1.85000,   3.62485E-06,   2.99358E-03
   1.75000,    1.90000,   2.90423E-06,   2.68568E-03
   1.75000,    1.95000,   2.32239E-06,   2.40713E-03
   1.75000,    2.00000,   1.85380E-06,   2.15553E-03
   1.80000,    0.00000,   4.05875E-04,   3.01039E-02
   1.80000,    0.05000,   4.04015E-04,   3.00363E-02
   1.80000,    0.10000,   3.98493E-04,   2.98346E-02
   1.80000,    0.15000,   3.89474E-04,   2.95021E-02
   1.80000,    0.20000,   3.77223E-04,   2.90442E-02
   1.80000,    0.25000,   3.62093E-04,   2.84680E-02
   1.80000,    0.30000,   3.44502E-04,   2.77824E-02
   1.80000,    0.35000,   3.24918E-04,   2.69979E-02
   1.80000,    0.40000,   3.03832E-04,   2.61257E-02
   1.80000,    0.45000,   2.81740E-04,   2.51782E-02
   1.80000,    0.50000,   2.59121E-04,   2.41680E-02
   1.80000,    0.55000,   2.36422E-04,   2.31079E-02
   1.80000,    0.60000,   2.14044E-04,   2.20107E-02
   1.80000,    0.65000,   1.92331E-04,   2.08887E-02
   1.80000,    0.70000,   1.71567E-04,   1.97534E-02
   1.80000,    0.75000,   1.51974E-04,   1.86159E-02
   1.80000,    0.80000,   1.33710E-04,   1.74860E-02
   1.80000,    0.85000,   1.16878E-04,   1.63726E-02
   1.80000,    0.90000,   1.01530E-04,   1.52835E-02
   1.80000,    0.95000,   8.76714E-05,   1.42252E-02
   1.80000,    1.00000,   7.52732E-05,   1.32033E-02
   1.80000,    1.05000,   6.42766E-05,   1.22221E-02
   1.80000,    1.10000,   5.46016E-05,   1.12851E-02
   1.80000,    1.15000,   4.61534E-05,   1.03947E-02
   1.80000,    1.20000,   3.88287E-05,   9.55244E-03
   1.80000,    1.25000,   3.25201E-05,   8.75914E-03
   1.80000,    1.30000,   2.71207E-05,   8.01493E-03
   1.80000,    1.35000,   2.25263E-05,   7.31938E-03
   1.80000,    1.40000,   1.86385E-05,   6.67159E-03
   1.80000,    1.45000,   1.53657E-05,   6.07024E-03
   1.80000,    1.50000,   1.26239E-05,   5.51372E-03
   1.80000,    1.55000,   1.03375E-05,   5.00016E-03
   1.80000,    1.60000,   8.43920E-06,   4.52753E-03
   1.80000,    1.65000,   6.86942E-06,   4.09367E-03
   1.80000,    1.70000,   5.57631E-06,   3.69635E-03
   1.80000,    1.75000,   4.51493E-06,   3.33333E-03
   1.80000,    1.80000,   3.64671E-06,   3.00233E-03
   1.80000,    1.85000,   2.93875E-06,   2.70114E-03
   1.80000,    1.90000,   2.36320E-06,   2.42759E-03
   1.80000,    1.95000,   1.89659E-06,   2.17957E-03
   1.80000,    2.00000,   1.51930E-06,   1.95507E-03
   1.85000,    0.00000,   2.91397E-04,   2.56188E-02
   1.85000,    0.05000,   2.90107E-04,   2.55632E-02
   1.85000,    0.10000,   2.86275E-04,   2.53974E-02
   1.85000,    0.15000,   2.80011E-04,   2.51238E-02
   1.85000,    0.20000,   2.71495E-04,   2.47468E-02
   1.85000,    0.25000,   2.60962E-04,   2.42720E-02
   1.85000,    0.30000,   2.48695E-04,   2.37066E-02
   1.85000,    0.35000,   2.35011E-04,   2.30589E-02
   1.85000,    0.40000,   2.20242E-04,   2.23379E-02
   1.85000,    0.45000,   2.04728E-04,   2.15534E-02
   1.85000,    0.50000,   1.88797E-04,   2.07156E-02
   1.85000,    0.55000,   1.72759E-04,   1.98349E-02
   1.85000,    0.60000,   1.56893E-04,   1.89217E-02
   1.85000,    0.65000,   1.41442E-04,   1.79858E-02
   1.85000,    0.70000,   1.26610E-04,   1.70369E-02
   1.85000,    0.75000,   1.12556E-04,   1.60839E-02
   1.85000,    0.80000,   9.94012E-05,   1.51351E-02
   1.85000,    0.85000,   8.72245E-05,   1.41979E-02
   1.85000,    0.90000,   7.60707E-05,   1.32787E-02
   1.85000,    0.95000,   6.59532E-05,   1.23833E-02
   1.85000,    1.00000,   5.68590E-05,   1.15164E-02
   1.85000,    1.05000,   4.87543E-05,   1.06819E-02
   1.85000,    1.10000,   4.15891E-05,   9.88279E-03
   1.85000,    1.15000,   3.53021E-05,   9.12137E-03
   1.85000,    1.20000,   2.98246E-05,   8.39917E-03
   1.85000,    1.25000,   2.50839E-05,   7.71713E-03
   1.85000,    1.30000,   2.10067E-05,   7.07559E-03
   1.85000,    1.35000,   1.75207E-05,   6.47442E-03
   1.85000,    1.40000,   1.45567E-05,   5.91305E-03
   1.85000,    1.45000,   1.20497E-05,   5.39059E-03
   1.85000,    1.50000,   9.93972E-06,   4.90584E-03
   1.85000,    1.55000,   8.17210E-06,   4.45740E-03
   1.85000,    1.60000,   6.69779E-06,   4.04370E-03
   1.85000,    1.65000,   5.47321E-06,   3.66302E-03
   1.85000,    1.70000,   4.46003E-06,   3.31359E-03
   1.85000,    1.75000,   3.62484E-06,   2.99358E-03
   1.85000,    1.80000,   2.93875E-06,   2.70114E-03
   1.85000,    1.85000,   2.37697E-06,   2.43445E-03
   1.85000,    1.90000,   1.91839E-06,   2.19171E-03
   1.85000,    1.95000,   1.54512E-06,   1.97115E-03
   1.85000,    2.00000,   1.24210E-06,   1.77109E-03
   1.90000,    0.00000,   2.09676E-04,   2.18264E-02
   1.90000,    0.05000,   2.08779E-04,   2.17806E-02
   1.90000,    0.10000,   2.06112E-04,   2.16439E-02
   1.90000,    0.15000,   2.01750E-04,   2.14184E-02
   1.90000,    0.20000,   1.95814E-04,   2.11074E-02
   1.90000,    0.25000,   1.88462E-04,   2.07156E-02
   1.90000,    0.30000,   1.79885E-04,   2.02486E-02
   1.90000,    0.35000,   1.70299E-04,   1.97128E-02
   1.90000,    0.40000,   1.59930E-04,   1.91158E-02
   1.90000,    0.45000,   1.49010E-04,   1.84653E-02
   1.90000,    0.50000,   1.37766E-04,   1.77695E-02
   1.90000,    0.55000,   1.26411E-04,   1.70369E-02
   1.90000,    0.60000,   1.15142E-04,   1.62757E-02
   1.90000,    0.65000,   1.04128E-04,   1.54942E-02
   1.90000,    0.70000,   9.35168E-05,   1.47002E-02
   1.90000,    0.75000,   8.34233E-05,   1.39010E-02
   1.90000,    0.80000,   7.39368E-05,   1.31035E-02
   1.90000,    0.85000,   6.51190E-05,   1.23139E-02
   1.90000,    0.90000,   5.70070E-05,   1.15377E-02
   1.90000,    0.95000,   4.96161E-05,   1.07797E-02
   1.90000,    1.00000,   4.29427E-05,   1.00440E-02
   1.90000,    1.05000,   3.69682E-05,   9.33395E-03
   1.90000,    1.10000,   3.16617E-05,   8.65229E-03
   1.90000,    1.15000,   2.69839E-05,   8.00110E-03
   1.90000,    1.20000,   2.28893E-05,   7.38187E-03
   1.90000,    1.25000,   1.93290E-05,   6.79556E-03
   1.90000,    1.30000,   1.62526E-05,   6.24266E-03
   1.90000,    1.35000,   1.36101E-05,   5.72324E-03
   1.90000,    1.40000,   1.13528E-05,   5.23698E-03
   1.90000,    1.45000,   9.43493E-06,   4.78331E-03
   1.90000,    1.50000,   7.81344E-06,   4.36136E-03
   1.90000,    1.55000,   6.44899E-06,   3.97007E-03
   1.90000,    1.60000,   5.30595E-06,   3.60824E-03
   1.90000,    1.65000,   4.35241E-06,   3.27452E-03
   1.90000,    1.70000,   3.56010E-06,   2.96749E-03
   1.90000,    1.75000,   2.90422E-06,   2.68568E-03
   1.90000,    1.80000,   2.36319E-06,   2.42759E-03
   1.90000,    1.85000,   1.91839E-06,   2.19171E-03
   1.90000,    1.90000,   1.55383E-06,   1.97655E-03
   1.90000,    1.95000,   1.25591E-06,   1.78064E-03
   1.90000,    2.00000,   1.01312E-06,   1.60257E-03
   1.95000,    0.00000,   1.51214E-04,   1.86159E-02
   1.95000,    0.05000,   1.50588E-04,   1.85781E-02
   1.95000,    0.10000,   1.48726E-04,   1.84653E-02
   1.95000,    0.15000,   1.45680E-04,   1.82791E-02
   1.95000,    0.20000,   1.41530E-04,   1.80221E-02
   1.95000,    0.25000,   1.36384E-04,   1.76981E-02
   1.95000,    0.30000,   1.30372E-04,   1.73116E-02
   1.95000,    0.35000,   1.23639E-04,   1.68678E-02
   1.95000,    0.40000,   1.16341E-04,   1.63726E-02
   1.95000,    0.45000,   1.08637E-04,   1.58324E-02
   1.95000,    0.50000,   1.00682E-04,   1.52537E-02
   1.95000,    0.55000,   9.26269E-05,   1.46433E-02
   1.95000,    0.60000,   8.46066E-05,   1.40081E-02
   1.95000,    0.65000,   7.67425E-05,   1.33547E-02
   1.95000,    0.70000,   6.91383E-05,   1.26895E-02
   1.95000,    0.75000,   6.18786E-05,   1.20186E-02
   1.95000,    0.80000,   5.50291E-05,   1.13477E-02
   1.95000,    0.85000,   4.86368E-05,   1.06819E-02
   1.95000,    0.90000,   4.27319E-05,   1.00259E-02
   1.95000,    0.95000,   3.73290E-05,   9.38384E-03
   1.95000,    1.00000,   3.24297E-05,   8.75914E-03
   1.95000,    1.05000,   2.80241E-05,   8.15477E-03
   1.95000,    1.10000,   2.40939E-05,   7.57314E-03
   1.95000,    1.15000,   2.06138E-05,   7.01615E-03
   1.95000,    1.20000,   1.75538E-05,   6.48519E-03
   1.95000,    1.25000,   1.48812E-05,   5.98123E-03
   1.95000,    1.30000,   1.25614E-05,   5.50481E-03
   1.95000,    1.35000,   1.05600E-05,   5.05615E-03
   1.95000,    1.40000,   8.84272E-06,   4.63514E-03
   1.95000,    1.45000,   7.37718E-06,   4.24139E-03
   1.95000,    1.50000,   6.13273E-06,   3.87432E-03
   1.95000,    1.55000,   5.08102E-06,   3.53313E-03
   1.95000,    1.60000,   4.19621E-06,   3.21691E-03
   1.95000,    1.65000,   3.45496E-06,   2.92459E-03
   1.95000,    1.70000,   2.83647E-06,   2.65506E-03
   1.95000,    1.75000,   2.32238E-06,   2.40713E-03
   1.95000,    1.80000,   1.89659E-06,   2.17957E-03
   1.95000,    1.85000,   1.54512E-06,   1.97115E-03
   1.95000,    1.90000,   1.25591E-06,   1.78064E-03
   1.95000,    1.95000,   1.01865E-06,   1.60682E-03
   1.95000,    2.00000,   8.24544E-07,   1.44850E-03
   2.00000,    0.00000,   1.09296E-04,   1.58948E-02
   2.00000,    0.05000,   1.08858E-04,   1.58636E-02
   2.00000,    0.10000,   1.07555E-04,   1.57702E-02
   2.00000,    0.15000,   1.05421E-04,   1.56162E-02
   2.00000,    0.20000,   1.02512E-04,   1.54035E-02
   2.00000,    0.25000,   9.88999E-05,   1.51351E-02
   2.00000,    0.30000,   9.46736E-05,   1.48147E-02
   2.00000,    0.35000,   8.99325E-05,   1.44464E-02
   2.00000,    0.40000,   8.47830E-05,   1.40350E-02
   2.00000,    0.45000,   7.93344E-05,   1.35856E-02
   2.00000,    0.50000,   7.36947E-05,   1.31035E-02
   2.00000,    0.55000,   6.79674E-05,   1.25943E-02
   2.00000,    0.60000,   6.22480E-05,   1.20635E-02
   2.00000,    0.65000,   5.66223E-05,   1.15164E-02
   2.00000,    0.70000,   5.11641E-05,   1.09585E-02
   2.00000,    0.75000,   4.59348E-05,   1.03947E-02
   2.00000,    0.80000,   4.09826E-05,   9.82974E-03
   2.00000,    0.85000,   3.63435E-05,   9.26792E-03
   2.00000,    0.90000,   3.20411E-05,   8.71316E-03
   2.00000,    0.95000,   2.80886E-05,   8.16891E-03
   2.00000,    1.00000,   2.44897E-05,   7.63820E-03
   2.00000,    1.05000,   2.12399E-05,   7.12358E-03
   2.00000,    1.10000,   1.83285E-05,   6.62717E-03
   2.00000,    1.15000,   1.57395E-05,   6.15068E-03
   2.00000,    1.20000,   1.34532E-05,   5.69538E-03
   2.00000,    1.25000,   1.14478E-05,   5.26222E-03
   2.00000,    1.30000,   9.69960E-06,   4.85179E-03
   2.00000,    1.35000,   8.18477E-06,   4.46436E-03
   2.00000,    1.40000,   6.87951E-06,   4.09996E-03
   2.00000,    1.45000,   5.76083E-06,   3.75839E-03
   2.00000,    1.50000,   4.80688E-06,   3.43923E-03
   2.00000,    1.55000,   3.99731E-06,   3.14192E-03
   2.00000,    1.60000,   3.31337E-06,   2.86574E-03
   2.00000,    1.65000,   2.73804E-06,   2.60989E-03
   2.00000,    1.70000,   2.25605E-06,   2.37347E-03
   2.00000,    1.75000,   1.85379E-06,   2.15553E-03
   2.00000,    1.80000,   1.51930E-06,   1.95507E-03
   2.00000,    1.85000,   1.24210E-06,   1.77109E-03
   2.00000,    1.90000,   1.01312E-06,   1.60257E-03
   2.00000,    1.95000,   8.24544E-07,   1.44850E-03
   2.00000,    2.00000,   6.69683E-07,   1.30789E-03
